ID,author,tp,n1,tn,n2,fp,fn,TP,TN,FP,FN,screen_positive,pos,tot,ref_std,prev_std,test
all,Affolabi,75,111,1972,2670,698,36,75,1972,698,36,0.277957569219705,773,2781,cult_other,4,who
all,Al Darraji,6,8,38,117,79,2,6,38,79,2,0.68,85,125,cult_other,6,who
all,Balcha,92,96,156,708,552,4,92,156,552,4,0.800995024875622,644,804,cult,12,who
all,Bjerrum,20,21,11,117,106,1,20,11,106,1,0.91304347826087,126,138,cult_other,15,who
all,Gersh,0,4,334,380,46,4,0,334,46,4,0.119791666666667,46,384,cult_other,1,who
all,Kemper,11,12,40,90,50,1,11,40,50,1,0.598039215686275,61,102,cult_other,12,who
all,Kerkhoff,68,70,69,453,384,2,68,69,384,2,0.864244741873805,452,523,cult_other,13,who
all,LaCourse,2,4,231,285,54,2,2,231,54,2,0.193771626297578,56,289,cult_other,1,who
all,Modi,45,58,340,658,318,13,45,340,318,13,0.506983240223464,363,716,cult_other,8,who
all,Reeve,51,61,332,701,369,10,51,332,369,10,0.551181102362205,420,762,cult_other,8,who
all,Thit,23,25,238,438,200,2,23,238,200,2,0.481641468682505,223,463,cult_other,5,who
all,Yoon,141,143,188,1382,1194,2,141,188,1194,2,0.875409836065574,1335,1525,cult_other,9,who
other_setting,Al Darraji,6,8,38,117,79,2,6,38,79,2,0.68,85,125,cult_other,6,who
art,Affolabi,19,40,1427,1750,323,21,19,1427,323,21,0.191061452513966,342,1790,cult_other,2,who
art,Gersh,0,4,330,376,46,4,0,330,46,4,0.121052631578947,46,380,cult_other,1,who
art,LaCourse,1,2,131,154,23,1,1,131,23,1,0.153846153846154,24,156,cult_other,1,who
art,Thit,17,19,181,319,138,2,17,181,138,2,0.458579881656805,155,338,cult_other,6,who
noart,Affolabi,56,71,545,920,375,15,56,545,375,15,0.434914228052472,431,991,cult_other,7,who
noart,Balcha,92,96,156,708,552,4,92,156,552,4,0.800995024875622,644,804,cult,12,who
noart,Bjerrum,20,21,11,117,106,1,20,11,106,1,0.91304347826087,126,138,cult_other,15,who
noart,Gersh,0,0,1,1,0,0,0,1,0,0,0,0,1,cult_other,0,who
noart,Kemper,11,12,40,90,50,1,11,40,50,1,0.598039215686275,61,102,cult_other,12,who
noart,Kerkhoff,68,70,69,453,384,2,68,69,384,2,0.864244741873805,452,523,cult_other,13,who
noart,LaCourse,1,2,100,131,31,1,1,100,31,1,0.240601503759399,32,133,cult_other,2,who
noart,Modi,45,58,340,658,318,13,45,340,318,13,0.506983240223464,363,716,cult_other,8,who
noart,Reeve,51,61,332,701,369,10,51,332,369,10,0.551181102362205,420,762,cult_other,8,who
noart,Thit,6,6,57,119,62,0,6,57,62,0,0.544,68,125,cult_other,5,who
noart,Yoon,141,143,188,1382,1194,2,141,188,1194,2,0.875409836065574,1335,1525,cult_other,9,who
cd4_less_100,Affolabi,29,32,155,320,165,3,29,155,165,3,0.551136363636364,194,352,cult_other,9,who
cd4_less_100,Al Darraji,3,5,2,15,13,2,3,2,13,2,0.8,16,20,cult_other,25,who
cd4_less_100,Balcha,34,34,15,123,108,0,34,15,108,0,0.904458598726115,142,157,cult,22,who
cd4_less_100,Bjerrum,11,11,3,51,48,0,11,3,48,0,0.951612903225806,59,62,cult_other,18,who
cd4_less_100,Gersh,0,0,9,11,2,0,0,9,2,0,0.181818181818182,2,11,cult_other,0,who
cd4_less_100,Kemper,6,7,8,42,34,1,6,8,34,1,0.816326530612245,40,49,cult_other,14,who
cd4_less_100,Kerkhoff,32,32,10,104,94,0,32,10,94,0,0.926470588235294,126,136,cult_other,24,who
cd4_less_100,LaCourse,0,0,4,4,0,0,0,4,0,0,0,0,4,cult_other,0,who
cd4_less_100,Modi,21,23,23,85,62,2,21,23,62,2,0.768518518518519,83,108,cult_other,21,who
cd4_less_100,Reeve,25,26,17,76,59,1,25,17,59,1,0.823529411764706,84,102,cult_other,25,who
cd4_less_100,Thit,10,10,20,64,44,0,10,20,44,0,0.72972972972973,54,74,cult_other,14,who
cd4_less_100,Yoon,76,76,31,445,414,0,76,31,414,0,0.940499040307102,490,521,cult_other,15,who
cd4_high_100,Affolabi,42,73,1786,2286,500,31,42,1786,500,31,0.229758372191607,542,2359,cult_other,3,who
cd4_high_100,Al Darraji,3,3,36,102,66,0,3,36,66,0,0.657142857142857,69,105,cult_other,3,who
cd4_high_100,Balcha,58,62,139,580,441,4,58,139,441,4,0.777258566978193,499,642,cult,10,who
cd4_high_100,Bjerrum,9,10,8,65,57,1,9,8,57,1,0.88,66,75,cult_other,13,who
cd4_high_100,Gersh,0,2,270,301,31,2,0,270,31,2,0.102310231023102,31,303,cult_other,1,who
cd4_high_100,Kemper,5,5,32,48,16,0,5,32,16,0,0.39622641509434,21,53,cult_other,9,who
cd4_high_100,Kerkhoff,35,37,59,348,289,2,35,59,289,2,0.841558441558442,324,385,cult_other,10,who
cd4_high_100,LaCourse,2,4,184,231,47,2,2,184,47,2,0.208510638297872,49,235,cult_other,2,who
cd4_high_100,Modi,20,31,291,530,239,11,20,291,239,11,0.461675579322638,259,561,cult_other,6,who
cd4_high_100,Reeve,19,28,279,558,279,9,19,279,279,9,0.508532423208191,298,586,cult_other,5,who
cd4_high_100,Thit,13,15,218,373,155,2,13,218,155,2,0.43298969072165,168,388,cult_other,4,who
cd4_high_100,Yoon,65,67,157,937,780,2,65,157,780,2,0.841633466135458,845,1004,cult_other,7,who
cd4_less_200,Affolabi,48,60,353,638,285,12,48,353,285,12,0.477077363896848,333,698,cult_other,9,who
cd4_less_200,Al Darraji,3,5,10,32,22,2,3,10,22,2,0.675675675675676,25,37,cult_other,14,who
cd4_less_200,Balcha,64,66,55,311,256,2,64,55,256,2,0.848806366047745,320,377,cult,18,who
cd4_less_200,Bjerrum,15,15,6,77,71,0,15,6,71,0,0.934782608695652,86,92,cult_other,16,who
cd4_less_200,Gersh,0,0,40,44,4,0,0,40,4,0,0.0909090909090909,4,44,cult_other,0,who
cd4_less_200,Kemper,9,10,16,55,39,1,9,16,39,1,0.738461538461539,48,65,cult_other,15,who
cd4_less_200,Kerkhoff,52,54,41,278,237,2,52,41,237,2,0.870481927710844,289,332,cult_other,16,who
cd4_less_200,LaCourse,0,0,16,17,1,0,0,16,1,0,0.0588235294117647,1,17,cult_other,0,who
cd4_less_200,Modi,28,32,39,159,120,4,28,39,120,4,0.774869109947644,148,191,cult_other,17,who
cd4_less_200,Reeve,29,33,56,165,109,4,29,56,109,4,0.696969696969697,138,198,cult_other,17,who
cd4_less_200,Thit,16,16,58,142,84,0,16,58,84,0,0.632911392405063,100,158,cult_other,10,who
cd4_less_200,Yoon,114,116,81,804,723,2,114,81,723,2,0.909782608695652,837,920,cult_other,13,who
cd4_high_200,Affolabi,23,45,1588,1968,380,22,23,1588,380,22,0.20019870839543,403,2013,cult_other,2,who
cd4_high_200,Al Darraji,3,3,28,85,57,0,3,28,57,0,0.681818181818182,60,88,cult_other,3,who
cd4_high_200,Balcha,28,30,99,392,293,2,28,99,293,2,0.760663507109005,321,422,cult,7,who
cd4_high_200,Bjerrum,5,6,5,39,34,1,5,5,34,1,0.866666666666667,39,45,cult_other,13,who
cd4_high_200,Gersh,0,2,239,268,29,2,0,239,29,2,0.107407407407407,29,270,cult_other,1,who
cd4_high_200,Kemper,2,2,24,35,11,0,2,24,11,0,0.351351351351351,13,37,cult_other,5,who
cd4_high_200,Kerkhoff,15,15,28,174,146,0,15,28,146,0,0.851851851851852,161,189,cult_other,8,who
cd4_high_200,LaCourse,2,4,172,218,46,2,2,172,46,2,0.216216216216216,48,222,cult_other,2,who
cd4_high_200,Modi,13,22,275,456,181,9,13,275,181,9,0.405857740585774,194,478,cult_other,5,who
cd4_high_200,Reeve,15,21,240,469,229,6,15,240,229,6,0.497959183673469,244,490,cult_other,4,who
cd4_high_200,Thit,7,9,180,295,115,2,7,180,115,2,0.401315789473684,122,304,cult_other,3,who
cd4_high_200,Yoon,27,27,107,578,471,0,27,107,471,0,0.823140495867769,498,605,cult_other,4,who
history_tb,Al Darraji,1,1,16,35,19,0,1,16,19,0,0.555555555555556,20,36,cult_other,3,who
history_tb,Balcha,4,4,5,47,42,0,4,5,42,0,0.901960784313725,46,51,cult,8,who
history_tb,Bjerrum,2,2,1,7,6,0,2,1,6,0,0.888888888888889,8,9,cult_other,22,who
history_tb,Gersh,0,1,47,57,10,1,0,47,10,1,0.172413793103448,10,58,cult_other,2,who
history_tb,Kemper,0,0,1,3,2,0,0,1,2,0,0.666666666666667,2,3,cult_other,0,who
history_tb,Kerkhoff,17,17,18,124,106,0,17,18,106,0,0.872340425531915,123,141,cult_other,12,who
history_tb,LaCourse,0,0,16,25,9,0,0,16,9,0,0.36,9,25,cult_other,0,who
history_tb,Reeve,6,6,39,100,61,0,6,39,61,0,0.632075471698113,67,106,cult_other,6,who
history_tb,Thit,8,8,43,86,43,0,8,43,43,0,0.542553191489362,51,94,cult_other,9,who
history_tb,Yoon,5,5,8,49,41,0,5,8,41,0,0.851851851851852,46,54,cult_other,9,who
pregnant,Bjerrum,0,0,2,6,4,0,0,2,4,0,0.666666666666667,4,6,cult_other,0,who
pregnant,Kerkhoff,0,0,11,20,9,0,0,11,9,0,0.45,9,20,cult_other,0,who
pregnant,LaCourse,2,4,231,285,54,2,2,231,54,2,0.193771626297578,56,289,cult_other,1,who
pregnant,Modi,2,5,95,126,31,3,2,95,31,3,0.251908396946565,33,131,cult_other,4,who
pregnant,Yoon,1,1,8,42,34,0,1,8,34,0,0.813953488372093,35,43,cult_other,2,who
smoker,Affolabi,1,2,60,99,39,1,1,60,39,1,0.396039603960396,40,101,cult_other,2,who
smoker,Al Darraji,5,7,38,110,72,2,5,38,72,2,0.658119658119658,77,117,cult_other,6,who
smoker,Balcha,10,10,3,24,21,0,10,3,21,0,0.911764705882353,31,34,cult,29,who
smoker,Bjerrum,2,2,0,0,0,0,2,0,0,0,1,2,2,cult_other,100,who
smoker,Gersh,0,0,7,10,3,0,0,7,3,0,0.3,3,10,cult_other,0,who
smoker,Kemper,7,8,25,56,31,1,7,25,31,1,0.59375,38,64,cult_other,12,who
smoker,Kerkhoff,16,16,9,106,97,0,16,9,97,0,0.926229508196721,113,122,cult_other,13,who
smoker,Reeve,17,23,92,253,161,6,17,92,161,6,0.644927536231884,178,276,cult_other,8,who
smoker,Thit,11,12,63,125,62,1,11,63,62,1,0.532846715328467,73,137,cult_other,9,who
smoker,Yoon,6,6,4,64,60,0,6,4,60,0,0.942857142857143,66,70,cult_other,9,who
prisoner,Al Darraji,6,8,38,117,79,2,6,38,79,2,0.68,85,125,cult_other,6,who
all,Affolabi,54,110,2140,2636,496,56,54,2140,496,56,0.200291332847779,550,2746,cult_other,4,bmi
all,Al Darraji,2,8,110,117,7,6,2,110,7,6,0.072,9,125,cult_other,6,bmi
all,Balcha,67,94,416,699,283,27,67,416,283,27,0.441361916771753,350,793,cult,12,bmi
all,Bjerrum,13,19,77,116,39,6,13,77,39,6,0.385185185185185,52,135,cult_other,14,bmi
all,Gersh,0,4,332,376,44,4,0,332,44,4,0.115789473684211,44,380,cult_other,1,bmi
all,Kemper,2,12,81,89,8,10,2,81,8,10,0.099009900990099,10,101,cult_other,12,bmi
all,Kerkhoff,14,70,426,452,26,56,14,426,26,56,0.0766283524904215,40,522,cult_other,13,bmi
all,LaCourse,0,4,275,285,10,4,0,275,10,4,0.0346020761245675,10,289,cult_other,1,bmi
all,Modi,28,57,461,574,113,29,28,461,113,29,0.223454833597464,141,631,cult_other,9,bmi
all,Reeve,15,60,637,698,61,45,15,637,61,45,0.100263852242744,76,758,cult_other,8,bmi
all,Thit,11,25,362,436,74,14,11,362,74,14,0.184381778741866,85,461,cult_other,5,bmi
all,Yoon,72,143,1139,1380,241,71,72,1139,241,71,0.205515430072226,313,1523,cult_other,9,bmi
other_setting,Al Darraji,2,8,110,117,7,6,2,110,7,6,0.072,9,125,cult_other,6,bmi
art,Affolabi,15,40,1471,1736,265,25,15,1471,265,25,0.157657657657658,280,1776,cult_other,2,bmi
art,Gersh,0,4,328,372,44,4,0,328,44,4,0.117021276595745,44,376,cult_other,1,bmi
art,LaCourse,0,2,149,154,5,2,0,149,5,2,0.0320512820512821,5,156,cult_other,1,bmi
art,Thit,8,19,269,319,50,11,8,269,50,11,0.171597633136095,58,338,cult_other,6,bmi
noart,Affolabi,39,70,669,900,231,31,39,669,231,31,0.278350515463918,270,970,cult_other,7,bmi
noart,Balcha,67,94,416,699,283,27,67,416,283,27,0.441361916771753,350,793,cult,12,bmi
noart,Bjerrum,13,19,77,116,39,6,13,77,39,6,0.385185185185185,52,135,cult_other,14,bmi
noart,Gersh,0,0,1,1,0,0,0,1,0,0,0,0,1,cult_other,0,bmi
noart,Kemper,2,12,81,89,8,10,2,81,8,10,0.099009900990099,10,101,cult_other,12,bmi
noart,Kerkhoff,14,70,426,452,26,56,14,426,26,56,0.0766283524904215,40,522,cult_other,13,bmi
noart,LaCourse,0,2,126,131,5,2,0,126,5,2,0.037593984962406,5,133,cult_other,2,bmi
noart,Modi,28,57,461,574,113,29,28,461,113,29,0.223454833597464,141,631,cult_other,9,bmi
noart,Reeve,15,60,637,698,61,45,15,637,61,45,0.100263852242744,76,758,cult_other,8,bmi
noart,Thit,3,6,93,117,24,3,3,93,24,3,0.219512195121951,27,123,cult_other,5,bmi
noart,Yoon,72,143,1139,1380,241,71,72,1139,241,71,0.205515430072226,313,1523,cult_other,9,bmi
cd4_less_100,Affolabi,15,31,207,314,107,16,15,207,107,16,0.353623188405797,122,345,cult_other,9,bmi
cd4_less_100,Al Darraji,2,5,13,15,2,3,2,13,2,3,0.2,4,20,cult_other,25,bmi
cd4_less_100,Balcha,24,33,56,123,67,9,24,56,67,9,0.583333333333333,91,156,cult,21,bmi
cd4_less_100,Bjerrum,5,9,32,51,19,4,5,32,19,4,0.4,24,60,cult_other,15,bmi
cd4_less_100,Gersh,0,0,10,11,1,0,0,10,1,0,0.0909090909090909,1,11,cult_other,0,bmi
cd4_less_100,Kemper,2,7,35,42,7,5,2,35,7,5,0.183673469387755,9,49,cult_other,14,bmi
cd4_less_100,Kerkhoff,7,32,93,104,11,25,7,93,11,25,0.132352941176471,18,136,cult_other,24,bmi
cd4_less_100,LaCourse,0,0,4,4,0,0,0,4,0,0,0,0,4,cult_other,0,bmi
cd4_less_100,Modi,11,22,53,80,27,11,11,53,27,11,0.372549019607843,38,102,cult_other,22,bmi
cd4_less_100,Reeve,7,25,58,75,17,18,7,58,17,18,0.24,24,100,cult_other,25,bmi
cd4_less_100,Thit,4,10,51,64,13,6,4,51,13,6,0.22972972972973,17,74,cult_other,14,bmi
cd4_less_100,Yoon,38,76,321,443,122,38,38,321,122,38,0.308285163776493,160,519,cult_other,15,bmi
cd4_high_100,Affolabi,34,73,1886,2261,375,39,34,1886,375,39,0.175235646958012,409,2334,cult_other,3,bmi
cd4_high_100,Al Darraji,0,3,97,102,5,3,0,97,5,3,0.0476190476190476,5,105,cult_other,3,bmi
cd4_high_100,Balcha,43,61,358,571,213,18,43,358,213,18,0.405063291139241,256,632,cult,10,bmi
cd4_high_100,Bjerrum,8,10,45,64,19,2,8,45,19,2,0.364864864864865,27,74,cult_other,14,bmi
cd4_high_100,Gersh,0,2,263,298,35,2,0,263,35,2,0.116666666666667,35,300,cult_other,1,bmi
cd4_high_100,Kemper,0,5,46,47,1,5,0,46,1,5,0.0192307692307692,1,52,cult_other,10,bmi
cd4_high_100,Kerkhoff,7,37,332,347,15,30,7,332,15,30,0.0572916666666667,22,384,cult_other,10,bmi
cd4_high_100,LaCourse,0,4,223,231,8,4,0,223,8,4,0.0340425531914894,8,235,cult_other,2,bmi
cd4_high_100,Modi,14,31,388,464,76,17,14,388,76,17,0.181818181818182,90,495,cult_other,6,bmi
cd4_high_100,Reeve,6,28,521,556,35,22,6,521,35,22,0.0702054794520548,41,584,cult_other,5,bmi
cd4_high_100,Thit,7,15,311,371,60,8,7,311,60,8,0.173575129533679,67,386,cult_other,4,bmi
cd4_high_100,Yoon,34,67,818,937,119,33,34,818,119,33,0.152390438247012,153,1004,cult_other,7,bmi
cd4_less_200,Affolabi,31,59,430,627,197,28,31,430,197,28,0.332361516034985,228,686,cult_other,9,bmi
cd4_less_200,Al Darraji,2,5,30,32,2,3,2,30,2,3,0.108108108108108,4,37,cult_other,14,bmi
cd4_less_200,Balcha,47,64,155,311,156,17,47,155,156,17,0.541333333333333,203,375,cult,17,bmi
cd4_less_200,Bjerrum,9,13,48,77,29,4,9,48,29,4,0.422222222222222,38,90,cult_other,14,bmi
cd4_less_200,Gersh,0,0,36,43,7,0,0,36,7,0,0.162790697674419,7,43,cult_other,0,bmi
cd4_less_200,Kemper,2,10,47,55,8,8,2,47,8,8,0.153846153846154,10,65,cult_other,15,bmi
cd4_less_200,Kerkhoff,12,54,257,278,21,42,12,257,21,42,0.0993975903614458,33,332,cult_other,16,bmi
cd4_less_200,LaCourse,0,0,16,17,1,0,0,16,1,0,0.0588235294117647,1,17,cult_other,0,bmi
cd4_less_200,Modi,17,33,106,148,42,16,17,106,42,16,0.325966850828729,59,181,cult_other,18,bmi
cd4_less_200,Reeve,7,32,140,164,24,25,7,140,24,25,0.158163265306122,31,196,cult_other,16,bmi
cd4_less_200,Thit,6,16,112,142,30,10,6,112,30,10,0.227848101265823,36,158,cult_other,10,bmi
cd4_less_200,Yoon,61,116,612,802,190,55,61,612,190,55,0.273420479302832,251,918,cult_other,13,bmi
cd4_high_200,Affolabi,18,45,1663,1948,285,27,18,1663,285,27,0.152032112393377,303,1993,cult_other,2,bmi
cd4_high_200,Al Darraji,0,3,80,85,5,3,0,80,5,3,0.0568181818181818,5,88,cult_other,3,bmi
cd4_high_200,Balcha,20,30,259,383,124,10,20,259,124,10,0.348668280871671,144,413,cult,7,bmi
cd4_high_200,Bjerrum,4,6,29,38,9,2,4,29,9,2,0.295454545454545,13,44,cult_other,14,bmi
cd4_high_200,Gersh,0,2,237,266,29,2,0,237,29,2,0.108208955223881,29,268,cult_other,1,bmi
cd4_high_200,Kemper,0,2,34,34,0,2,0,34,0,2,0,0,36,cult_other,6,bmi
cd4_high_200,Kerkhoff,2,15,168,173,5,13,2,168,5,13,0.0372340425531915,7,188,cult_other,8,bmi
cd4_high_200,LaCourse,0,4,211,218,7,4,0,211,7,4,0.0315315315315315,7,222,cult_other,2,bmi
cd4_high_200,Modi,8,20,335,396,61,12,8,335,61,12,0.165865384615385,69,416,cult_other,5,bmi
cd4_high_200,Reeve,6,21,439,467,28,15,6,439,28,15,0.069672131147541,34,488,cult_other,4,bmi
cd4_high_200,Thit,5,9,250,293,43,4,5,250,43,4,0.158940397350993,48,302,cult_other,3,bmi
cd4_high_200,Yoon,11,27,527,578,51,16,11,527,51,16,0.102479338842975,62,605,cult_other,4,bmi
history_tb,Al Darraji,0,1,32,35,3,1,0,32,3,1,0.0833333333333333,3,36,cult_other,3,bmi
history_tb,Balcha,2,4,18,46,28,2,2,18,28,2,0.6,30,50,cult,8,bmi
history_tb,Bjerrum,2,2,4,7,3,0,2,4,3,0,0.555555555555556,5,9,cult_other,22,bmi
history_tb,Gersh,0,1,44,56,12,1,0,44,12,1,0.210526315789474,12,57,cult_other,2,bmi
history_tb,Kemper,0,0,2,3,1,0,0,2,1,0,0.333333333333333,1,3,cult_other,0,bmi
history_tb,Kerkhoff,3,17,107,123,16,14,3,107,16,14,0.135714285714286,19,140,cult_other,12,bmi
history_tb,LaCourse,0,0,25,25,0,0,0,25,0,0,0,0,25,cult_other,0,bmi
history_tb,Reeve,2,6,78,100,22,4,2,78,22,4,0.226415094339623,24,106,cult_other,6,bmi
history_tb,Thit,4,8,67,86,19,4,4,67,19,4,0.24468085106383,23,94,cult_other,9,bmi
history_tb,Yoon,1,5,38,49,11,4,1,38,11,4,0.222222222222222,12,54,cult_other,9,bmi
pregnant,Bjerrum,0,0,5,5,0,0,0,5,0,0,0,0,5,cult_other,0,bmi
pregnant,Kerkhoff,0,0,20,20,0,0,0,20,0,0,0,0,20,cult_other,0,bmi
pregnant,LaCourse,0,4,275,285,10,4,0,275,10,4,0.0346020761245675,10,289,cult_other,1,bmi
pregnant,Modi,0,3,70,71,1,3,0,70,1,3,0.0135135135135135,1,74,cult_other,4,bmi
pregnant,Yoon,1,1,39,42,3,0,1,39,3,0,0.0930232558139535,4,43,cult_other,2,bmi
smoker,Affolabi,0,2,75,98,23,2,0,75,23,2,0.23,23,100,cult_other,2,bmi
smoker,Al Darraji,1,7,103,110,7,6,1,103,7,6,0.0683760683760684,8,117,cult_other,6,bmi
smoker,Balcha,8,10,7,24,17,2,8,7,17,2,0.735294117647059,25,34,cult,29,bmi
smoker,Bjerrum,1,2,0,0,0,1,1,0,0,1,0.5,1,2,cult_other,100,bmi
smoker,Gersh,0,0,7,10,3,0,0,7,3,0,0.3,3,10,cult_other,0,bmi
smoker,Kemper,0,8,52,55,3,8,0,52,3,8,0.0476190476190476,3,63,cult_other,13,bmi
smoker,Kerkhoff,4,16,100,106,6,12,4,100,6,12,0.0819672131147541,10,122,cult_other,13,bmi
smoker,Reeve,5,23,210,252,42,18,5,210,42,18,0.170909090909091,47,275,cult_other,8,bmi
smoker,Thit,4,12,106,125,19,8,4,106,19,8,0.167883211678832,23,137,cult_other,9,bmi
smoker,Yoon,3,6,52,64,12,3,3,52,12,3,0.214285714285714,15,70,cult_other,9,bmi
prisoner,Al Darraji,2,8,110,117,7,6,2,110,7,6,0.072,9,125,cult_other,6,bmi
all,Al Darraji,1,8,104,117,13,7,1,104,13,7,0.112,14,125,cult_other,6,cough_2w
all,Bjerrum,14,21,76,117,41,7,14,76,41,7,0.398550724637681,55,138,cult_other,15,cough_2w
all,Gersh,0,4,372,380,8,4,0,372,8,4,0.0208333333333333,8,384,cult_other,1,cough_2w
all,Kemper,8,12,70,90,20,4,8,70,20,4,0.274509803921569,28,102,cult_other,12,cough_2w
all,Kerkhoff,21,70,367,453,86,49,21,367,86,49,0.204588910133843,107,523,cult_other,13,cough_2w
all,LaCourse,1,4,272,285,13,3,1,272,13,3,0.0484429065743945,14,289,cult_other,1,cough_2w
all,Modi,28,57,532,640,108,29,28,532,108,29,0.195121951219512,136,697,cult_other,8,cough_2w
all,Reeve,35,61,576,701,125,26,35,576,125,26,0.20997375328084,160,762,cult_other,8,cough_2w
all,Yoon,90,143,953,1382,429,53,90,953,429,53,0.340327868852459,519,1525,cult_other,9,cough_2w
other_setting,Al Darraji,1,8,104,117,13,7,1,104,13,7,0.112,14,125,cult_other,6,cough_2w
art,Gersh,0,4,368,376,8,4,0,368,8,4,0.0210526315789474,8,380,cult_other,1,cough_2w
art,LaCourse,1,2,147,154,7,1,1,147,7,1,0.0512820512820513,8,156,cult_other,1,cough_2w
noart,Bjerrum,14,21,76,117,41,7,14,76,41,7,0.398550724637681,55,138,cult_other,15,cough_2w
noart,Gersh,0,0,1,1,0,0,0,1,0,0,0,0,1,cult_other,0,cough_2w
noart,Kemper,8,12,70,90,20,4,8,70,20,4,0.274509803921569,28,102,cult_other,12,cough_2w
noart,Kerkhoff,21,70,367,453,86,49,21,367,86,49,0.204588910133843,107,523,cult_other,13,cough_2w
noart,LaCourse,0,2,125,131,6,2,0,125,6,2,0.0451127819548872,6,133,cult_other,2,cough_2w
noart,Modi,28,57,532,640,108,29,28,532,108,29,0.195121951219512,136,697,cult_other,8,cough_2w
noart,Reeve,35,61,576,701,125,26,35,576,125,26,0.20997375328084,160,762,cult_other,8,cough_2w
noart,Yoon,90,143,953,1382,429,53,90,953,429,53,0.340327868852459,519,1525,cult_other,9,cough_2w
cd4_less_100,Al Darraji,1,5,11,15,4,4,1,11,4,4,0.25,5,20,cult_other,25,cough_2w
cd4_less_100,Bjerrum,6,11,33,51,18,5,6,33,18,5,0.387096774193548,24,62,cult_other,18,cough_2w
cd4_less_100,Gersh,0,0,11,11,0,0,0,11,0,0,0,0,11,cult_other,0,cough_2w
cd4_less_100,Kemper,5,7,31,42,11,2,5,31,11,2,0.326530612244898,16,49,cult_other,14,cough_2w
cd4_less_100,Kerkhoff,10,32,82,104,22,22,10,82,22,22,0.235294117647059,32,136,cult_other,24,cough_2w
cd4_less_100,LaCourse,0,0,4,4,0,0,0,4,0,0,0,0,4,cult_other,0,cough_2w
cd4_less_100,Modi,12,23,58,81,23,11,12,58,23,11,0.336538461538462,35,104,cult_other,22,cough_2w
cd4_less_100,Reeve,16,26,53,76,23,10,16,53,23,10,0.382352941176471,39,102,cult_other,25,cough_2w
cd4_less_100,Yoon,46,76,260,445,185,30,46,260,185,30,0.443378119001919,231,521,cult_other,15,cough_2w
cd4_high_100,Al Darraji,0,3,93,102,9,3,0,93,9,3,0.0857142857142857,9,105,cult_other,3,cough_2w
cd4_high_100,Bjerrum,8,10,42,65,23,2,8,42,23,2,0.413333333333333,31,75,cult_other,13,cough_2w
cd4_high_100,Gersh,0,2,295,301,6,2,0,295,6,2,0.0198019801980198,6,303,cult_other,1,cough_2w
cd4_high_100,Kemper,3,5,39,48,9,2,3,39,9,2,0.226415094339623,12,53,cult_other,9,cough_2w
cd4_high_100,Kerkhoff,11,37,285,348,63,26,11,285,63,26,0.192207792207792,74,385,cult_other,10,cough_2w
cd4_high_100,LaCourse,1,4,219,231,12,3,1,219,12,3,0.0553191489361702,13,235,cult_other,2,cough_2w
cd4_high_100,Modi,13,30,436,519,83,17,13,436,83,17,0.174863387978142,96,549,cult_other,5,cough_2w
cd4_high_100,Reeve,15,28,467,558,91,13,15,467,91,13,0.180887372013652,106,586,cult_other,5,cough_2w
cd4_high_100,Yoon,44,67,693,937,244,23,44,693,244,23,0.286852589641434,288,1004,cult_other,7,cough_2w
cd4_less_200,Al Darraji,1,5,27,32,5,4,1,27,5,4,0.162162162162162,6,37,cult_other,14,cough_2w
cd4_less_200,Bjerrum,9,15,47,77,30,6,9,47,30,6,0.423913043478261,39,92,cult_other,16,cough_2w
cd4_less_200,Gersh,0,0,43,44,1,0,0,43,1,0,0.0227272727272727,1,44,cult_other,0,cough_2w
cd4_less_200,Kemper,6,10,42,55,13,4,6,42,13,4,0.292307692307692,19,65,cult_other,15,cough_2w
cd4_less_200,Kerkhoff,17,54,220,278,58,37,17,220,58,37,0.225903614457831,75,332,cult_other,16,cough_2w
cd4_less_200,LaCourse,0,0,17,17,0,0,0,17,0,0,0,0,17,cult_other,0,cough_2w
cd4_less_200,Modi,15,32,111,152,41,17,15,111,41,17,0.304347826086957,56,184,cult_other,17,cough_2w
cd4_less_200,Reeve,19,33,123,165,42,14,19,123,42,14,0.308080808080808,61,198,cult_other,17,cough_2w
cd4_less_200,Yoon,72,116,509,804,295,44,72,509,295,44,0.398913043478261,367,920,cult_other,13,cough_2w
cd4_high_200,Al Darraji,0,3,77,85,8,3,0,77,8,3,0.0909090909090909,8,88,cult_other,3,cough_2w
cd4_high_200,Bjerrum,5,6,28,39,11,1,5,28,11,1,0.355555555555556,16,45,cult_other,13,cough_2w
cd4_high_200,Gersh,0,2,263,268,5,2,0,263,5,2,0.0185185185185185,5,270,cult_other,1,cough_2w
cd4_high_200,Kemper,2,2,28,35,7,0,2,28,7,0,0.243243243243243,9,37,cult_other,5,cough_2w
cd4_high_200,Kerkhoff,4,15,147,174,27,11,4,147,27,11,0.164021164021164,31,189,cult_other,8,cough_2w
cd4_high_200,LaCourse,1,4,206,218,12,3,1,206,12,3,0.0585585585585586,13,222,cult_other,2,cough_2w
cd4_high_200,Modi,10,21,383,448,65,11,10,383,65,11,0.159914712153518,75,469,cult_other,4,cough_2w
cd4_high_200,Reeve,12,21,397,469,72,9,12,397,72,9,0.171428571428571,84,490,cult_other,4,cough_2w
cd4_high_200,Yoon,18,27,444,578,134,9,18,444,134,9,0.251239669421488,152,605,cult_other,4,cough_2w
history_tb,Al Darraji,0,1,28,35,7,1,0,28,7,1,0.194444444444444,7,36,cult_other,3,cough_2w
history_tb,Bjerrum,2,2,3,7,4,0,2,3,4,0,0.666666666666667,6,9,cult_other,22,cough_2w
history_tb,Gersh,0,1,55,57,2,1,0,55,2,1,0.0344827586206897,2,58,cult_other,2,cough_2w
history_tb,Kemper,0,0,2,3,1,0,0,2,1,0,0.333333333333333,1,3,cult_other,0,cough_2w
history_tb,Kerkhoff,5,17,91,124,33,12,5,91,33,12,0.269503546099291,38,141,cult_other,12,cough_2w
history_tb,LaCourse,0,0,24,25,1,0,0,24,1,0,0.04,1,25,cult_other,0,cough_2w
history_tb,Reeve,5,6,76,100,24,1,5,76,24,1,0.273584905660377,29,106,cult_other,6,cough_2w
history_tb,Yoon,3,5,30,49,19,2,3,30,19,2,0.407407407407407,22,54,cult_other,9,cough_2w
pregnant,Bjerrum,0,0,6,6,0,0,0,6,0,0,0,0,6,cult_other,0,cough_2w
pregnant,Kerkhoff,0,0,18,20,2,0,0,18,2,0,0.1,2,20,cult_other,0,cough_2w
pregnant,LaCourse,1,4,272,285,13,3,1,272,13,3,0.0484429065743945,14,289,cult_other,1,cough_2w
pregnant,Modi,1,5,117,125,8,4,1,117,8,4,0.0692307692307692,9,130,cult_other,4,cough_2w
pregnant,Yoon,0,1,34,42,8,1,0,34,8,1,0.186046511627907,8,43,cult_other,2,cough_2w
smoker,Al Darraji,0,7,99,110,11,7,0,99,11,7,0.094017094017094,11,117,cult_other,6,cough_2w
smoker,Bjerrum,1,2,0,0,0,1,1,0,0,1,0.5,1,2,cult_other,100,cough_2w
smoker,Gersh,0,0,9,10,1,0,0,9,1,0,0.1,1,10,cult_other,0,cough_2w
smoker,Kemper,5,8,42,56,14,3,5,42,14,3,0.296875,19,64,cult_other,12,cough_2w
smoker,Kerkhoff,6,16,80,106,26,10,6,80,26,10,0.262295081967213,32,122,cult_other,13,cough_2w
smoker,Reeve,12,23,189,253,64,11,12,189,64,11,0.27536231884058,76,276,cult_other,8,cough_2w
smoker,Yoon,3,6,35,64,29,3,3,35,29,3,0.457142857142857,32,70,cult_other,9,cough_2w
prisoner,Al Darraji,1,8,104,117,13,7,1,104,13,7,0.112,14,125,cult_other,6,cough_2w
all,Affolabi,62,111,2167,2670,503,49,62,2167,503,49,0.203164329377922,565,2781,cult_other,4,cough
all,Al Darraji,5,8,60,117,57,3,5,60,57,3,0.496,62,125,cult_other,6,cough
all,Balcha,66,96,449,707,258,30,66,449,258,30,0.403486924034869,324,803,cult,12,cough
all,Bjerrum,15,21,64,117,53,6,15,64,53,6,0.492753623188406,68,138,cult_other,15,cough
all,Gersh,0,4,345,380,35,4,0,345,35,4,0.0911458333333333,35,384,cult_other,1,cough
all,Kemper,8,12,69,90,21,4,8,69,21,4,0.284313725490196,29,102,cult_other,12,cough
all,Kerkhoff,49,70,242,453,211,21,49,242,211,21,0.497131931166348,260,523,cult_other,13,cough
all,LaCourse,1,4,243,285,42,3,1,243,42,3,0.14878892733564,43,289,cult_other,1,cough
all,Modi,30,55,497,637,140,25,30,497,140,25,0.245664739884393,170,692,cult_other,8,cough
all,Reeve,40,61,502,701,199,21,40,502,199,21,0.313648293963255,239,762,cult_other,8,cough
all,Thit,16,25,379,437,58,9,16,379,58,9,0.16017316017316,74,462,cult_other,5,cough
all,Yoon,115,143,733,1382,649,28,115,733,649,28,0.500983606557377,764,1525,cult_other,9,cough
other_setting,Al Darraji,5,8,60,117,57,3,5,60,57,3,0.496,62,125,cult_other,6,cough
art,Affolabi,17,40,1491,1750,259,23,17,1491,259,23,0.154189944134078,276,1790,cult_other,2,cough
art,Gersh,0,4,341,376,35,4,0,341,35,4,0.0921052631578947,35,380,cult_other,1,cough
art,LaCourse,1,2,136,154,18,1,1,136,18,1,0.121794871794872,19,156,cult_other,1,cough
art,Thit,10,19,286,319,33,9,10,286,33,9,0.127218934911243,43,338,cult_other,6,cough
noart,Affolabi,45,71,676,920,244,26,45,676,244,26,0.291624621594349,289,991,cult_other,7,cough
noart,Balcha,66,96,449,707,258,30,66,449,258,30,0.403486924034869,324,803,cult,12,cough
noart,Bjerrum,15,21,64,117,53,6,15,64,53,6,0.492753623188406,68,138,cult_other,15,cough
noart,Gersh,0,0,1,1,0,0,0,1,0,0,0,0,1,cult_other,0,cough
noart,Kemper,8,12,69,90,21,4,8,69,21,4,0.284313725490196,29,102,cult_other,12,cough
noart,Kerkhoff,49,70,242,453,211,21,49,242,211,21,0.497131931166348,260,523,cult_other,13,cough
noart,LaCourse,0,2,107,131,24,2,0,107,24,2,0.180451127819549,24,133,cult_other,2,cough
noart,Modi,30,55,497,637,140,25,30,497,140,25,0.245664739884393,170,692,cult_other,8,cough
noart,Reeve,40,61,502,701,199,21,40,502,199,21,0.313648293963255,239,762,cult_other,8,cough
noart,Thit,6,6,93,118,25,0,6,93,25,0,0.25,31,124,cult_other,5,cough
noart,Yoon,115,143,733,1382,649,28,115,733,649,28,0.500983606557377,764,1525,cult_other,9,cough
cd4_less_100,Affolabi,22,32,206,320,114,10,22,206,114,10,0.386363636363636,136,352,cult_other,9,cough
cd4_less_100,Al Darraji,2,5,7,15,8,3,2,7,8,3,0.5,10,20,cult_other,25,cough
cd4_less_100,Balcha,24,34,64,123,59,10,24,64,59,10,0.528662420382166,83,157,cult,22,cough
cd4_less_100,Bjerrum,7,11,28,51,23,4,7,28,23,4,0.483870967741936,30,62,cult_other,18,cough
cd4_less_100,Gersh,0,0,9,11,2,0,0,9,2,0,0.181818181818182,2,11,cult_other,0,cough
cd4_less_100,Kemper,5,7,31,42,11,2,5,31,11,2,0.326530612244898,16,49,cult_other,14,cough
cd4_less_100,Kerkhoff,24,32,57,104,47,8,24,57,47,8,0.522058823529412,71,136,cult_other,24,cough
cd4_less_100,LaCourse,0,0,4,4,0,0,0,4,0,0,0,0,4,cult_other,0,cough
cd4_less_100,Modi,12,23,53,80,27,11,12,53,27,11,0.378640776699029,39,103,cult_other,22,cough
cd4_less_100,Reeve,19,26,36,76,40,7,19,36,40,7,0.57843137254902,59,102,cult_other,25,cough
cd4_less_100,Thit,7,10,42,64,22,3,7,42,22,3,0.391891891891892,29,74,cult_other,14,cough
cd4_less_100,Yoon,63,76,188,445,257,13,63,188,257,13,0.614203454894434,320,521,cult_other,15,cough
cd4_high_100,Affolabi,38,73,1921,2286,365,35,38,1921,365,35,0.170835099618482,403,2359,cult_other,3,cough
cd4_high_100,Al Darraji,3,3,53,102,49,0,3,53,49,0,0.495238095238095,52,105,cult_other,3,cough
cd4_high_100,Balcha,42,62,380,579,199,20,42,380,199,20,0.37597503900156,241,641,cult,10,cough
cd4_high_100,Bjerrum,8,10,35,65,30,2,8,35,30,2,0.506666666666667,38,75,cult_other,13,cough
cd4_high_100,Gersh,0,2,278,301,23,2,0,278,23,2,0.0759075907590759,23,303,cult_other,1,cough
cd4_high_100,Kemper,3,5,38,48,10,2,3,38,10,2,0.245283018867925,13,53,cult_other,9,cough
cd4_high_100,Kerkhoff,25,37,185,348,163,12,25,185,163,12,0.488311688311688,188,385,cult_other,10,cough
cd4_high_100,LaCourse,1,4,195,231,36,3,1,195,36,3,0.157446808510638,37,235,cult_other,2,cough
cd4_high_100,Modi,15,28,409,516,107,13,15,409,107,13,0.224264705882353,122,544,cult_other,5,cough
cd4_high_100,Reeve,17,28,416,558,142,11,17,416,142,11,0.271331058020478,159,586,cult_other,5,cough
cd4_high_100,Thit,9,15,337,372,35,6,9,337,35,6,0.113695090439276,44,387,cult_other,4,cough
cd4_high_100,Yoon,52,67,545,937,392,15,52,545,392,15,0.442231075697211,444,1004,cult_other,7,cough
cd4_less_200,Affolabi,40,60,443,638,195,20,40,443,195,20,0.336676217765043,235,698,cult_other,9,cough
cd4_less_200,Al Darraji,2,5,19,32,13,3,2,19,13,3,0.405405405405405,15,37,cult_other,14,cough
cd4_less_200,Balcha,44,66,178,310,132,22,44,178,132,22,0.468085106382979,176,376,cult,18,cough
cd4_less_200,Bjerrum,10,15,40,77,37,5,10,40,37,5,0.510869565217391,47,92,cult_other,16,cough
cd4_less_200,Gersh,0,0,40,44,4,0,0,40,4,0,0.0909090909090909,4,44,cult_other,0,cough
cd4_less_200,Kemper,6,10,42,55,13,4,6,42,13,4,0.292307692307692,19,65,cult_other,15,cough
cd4_less_200,Kerkhoff,41,54,150,278,128,13,41,150,128,13,0.509036144578313,169,332,cult_other,16,cough
cd4_less_200,LaCourse,0,0,16,17,1,0,0,16,1,0,0.0588235294117647,1,17,cult_other,0,cough
cd4_less_200,Modi,16,32,101,150,49,16,16,101,49,16,0.357142857142857,65,182,cult_other,18,cough
cd4_less_200,Reeve,23,33,93,165,72,10,23,93,72,10,0.47979797979798,95,198,cult_other,17,cough
cd4_less_200,Thit,12,16,111,142,31,4,12,111,31,4,0.272151898734177,43,158,cult_other,10,cough
cd4_less_200,Yoon,94,116,377,804,427,22,94,377,427,22,0.566304347826087,521,920,cult_other,13,cough
cd4_high_200,Affolabi,20,45,1684,1968,284,25,20,1684,284,25,0.151018380526577,304,2013,cult_other,2,cough
cd4_high_200,Al Darraji,3,3,41,85,44,0,3,41,44,0,0.534090909090909,47,88,cult_other,3,cough
cd4_high_200,Balcha,22,30,266,392,126,8,22,266,126,8,0.350710900473934,148,422,cult,7,cough
cd4_high_200,Bjerrum,5,6,23,39,16,1,5,23,16,1,0.466666666666667,21,45,cult_other,13,cough
cd4_high_200,Gersh,0,2,247,268,21,2,0,247,21,2,0.0777777777777778,21,270,cult_other,1,cough
cd4_high_200,Kemper,2,2,27,35,8,0,2,27,8,0,0.27027027027027,10,37,cult_other,5,cough
cd4_high_200,Kerkhoff,8,15,92,174,82,7,8,92,82,7,0.476190476190476,90,189,cult_other,8,cough
cd4_high_200,LaCourse,1,4,183,218,35,3,1,183,35,3,0.162162162162162,36,222,cult_other,2,cough
cd4_high_200,Modi,11,19,361,446,85,8,11,361,85,8,0.206451612903226,96,465,cult_other,4,cough
cd4_high_200,Reeve,13,21,359,469,110,8,13,359,110,8,0.251020408163265,123,490,cult_other,4,cough
cd4_high_200,Thit,4,9,268,294,26,5,4,268,26,5,0.099009900990099,30,303,cult_other,3,cough
cd4_high_200,Yoon,21,27,356,578,222,6,21,356,222,6,0.401652892561983,243,605,cult_other,4,cough
history_tb,Al Darraji,0,1,20,35,15,1,0,20,15,1,0.416666666666667,15,36,cult_other,3,cough
history_tb,Balcha,4,4,22,47,25,0,4,22,25,0,0.568627450980392,29,51,cult,8,cough
history_tb,Bjerrum,2,2,2,7,5,0,2,2,5,0,0.777777777777778,7,9,cult_other,22,cough
history_tb,Gersh,0,1,48,57,9,1,0,48,9,1,0.155172413793103,9,58,cult_other,2,cough
history_tb,Kemper,0,0,2,3,1,0,0,2,1,0,0.333333333333333,1,3,cult_other,0,cough
history_tb,Kerkhoff,12,17,51,124,73,5,12,51,73,5,0.602836879432624,85,141,cult_other,12,cough
history_tb,LaCourse,0,0,18,25,7,0,0,18,7,0,0.28,7,25,cult_other,0,cough
history_tb,Reeve,6,6,61,100,39,0,6,61,39,0,0.424528301886792,45,106,cult_other,6,cough
history_tb,Thit,5,8,75,86,11,3,5,75,11,3,0.170212765957447,16,94,cult_other,9,cough
history_tb,Yoon,5,5,24,49,25,0,5,24,25,0,0.555555555555556,30,54,cult_other,9,cough
pregnant,Bjerrum,0,0,5,6,1,0,0,5,1,0,0.166666666666667,1,6,cult_other,0,cough
pregnant,Kerkhoff,0,0,14,20,6,0,0,14,6,0,0.3,6,20,cult_other,0,cough
pregnant,LaCourse,1,4,243,285,42,3,1,243,42,3,0.14878892733564,43,289,cult_other,1,cough
pregnant,Modi,2,5,112,124,12,3,2,112,12,3,0.108527131782946,14,129,cult_other,4,cough
pregnant,Yoon,1,1,27,42,15,0,1,27,15,0,0.372093023255814,16,43,cult_other,2,cough
smoker,Affolabi,1,2,66,99,33,1,1,66,33,1,0.336633663366337,34,101,cult_other,2,cough
smoker,Al Darraji,4,7,58,110,52,3,4,58,52,3,0.478632478632479,56,117,cult_other,6,cough
smoker,Balcha,4,10,15,24,9,6,4,15,9,6,0.382352941176471,13,34,cult,29,cough
smoker,Bjerrum,1,2,0,0,0,1,1,0,0,1,0.5,1,2,cult_other,100,cough
smoker,Gersh,0,0,7,10,3,0,0,7,3,0,0.3,3,10,cult_other,0,cough
smoker,Kemper,5,8,41,56,15,3,5,41,15,3,0.3125,20,64,cult_other,12,cough
smoker,Kerkhoff,12,16,45,106,61,4,12,45,61,4,0.598360655737705,73,122,cult_other,13,cough
smoker,Reeve,14,23,159,253,94,9,14,159,94,9,0.391304347826087,108,276,cult_other,8,cough
smoker,Thit,10,12,97,125,28,2,10,97,28,2,0.277372262773723,38,137,cult_other,9,cough
smoker,Yoon,5,6,25,64,39,1,5,25,39,1,0.628571428571429,44,70,cult_other,9,cough
prisoner,Al Darraji,5,8,60,117,57,3,5,60,57,3,0.496,62,125,cult_other,6,cough
all,Gersh,0,4,339,378,39,4,0,339,39,4,0.102094240837696,39,382,cult_other,1,crp_10
all,Kerkhoff,59,67,243,435,192,8,59,243,192,8,0.5,251,502,cult_other,13,crp_10
all,Reeve,53,60,401,641,240,7,53,401,240,7,0.417974322396576,293,701,cult_other,9,crp_10
all,Yoon,128,143,984,1382,398,15,128,984,398,15,0.344918032786885,526,1525,cult_other,9,crp_10
art,Gersh,0,4,337,374,37,4,0,337,37,4,0.0978835978835979,37,378,cult_other,1,crp_10
noart,Gersh,0,0,0,1,1,0,0,0,1,0,1,1,1,cult_other,0,crp_10
noart,Kerkhoff,59,67,243,435,192,8,59,243,192,8,0.5,251,502,cult_other,13,crp_10
noart,Reeve,53,60,401,641,240,7,53,401,240,7,0.417974322396576,293,701,cult_other,9,crp_10
noart,Yoon,128,143,984,1382,398,15,128,984,398,15,0.344918032786885,526,1525,cult_other,9,crp_10
cd4_less_100,Gersh,0,0,8,11,3,0,0,8,3,0,0.272727272727273,3,11,cult_other,0,crp_10
cd4_less_100,Kerkhoff,28,31,45,101,56,3,28,45,56,3,0.636363636363636,84,132,cult_other,23,crp_10
cd4_less_100,Reeve,25,25,24,65,41,0,25,24,41,0,0.733333333333333,66,90,cult_other,28,crp_10
cd4_less_100,Yoon,68,76,278,445,167,8,68,278,167,8,0.4510556621881,235,521,cult_other,15,crp_10
cd4_high_100,Gersh,0,2,275,300,25,2,0,275,25,2,0.0827814569536424,25,302,cult_other,1,crp_10
cd4_high_100,Kerkhoff,31,36,198,333,135,5,31,198,135,5,0.449864498644986,166,369,cult_other,10,crp_10
cd4_high_100,Reeve,21,28,346,518,172,7,21,346,172,7,0.353479853479854,193,546,cult_other,5,crp_10
cd4_high_100,Yoon,60,67,706,937,231,7,60,706,231,7,0.289840637450199,291,1004,cult_other,7,crp_10
cd4_less_200,Gersh,0,0,36,43,7,0,0,36,7,0,0.162790697674419,7,43,cult_other,0,crp_10
cd4_less_200,Kerkhoff,47,52,144,266,122,5,47,144,122,5,0.531446540880503,169,318,cult_other,16,crp_10
cd4_less_200,Reeve,31,32,68,147,79,1,31,68,79,1,0.614525139664805,110,179,cult_other,18,crp_10
cd4_less_200,Yoon,105,116,522,804,282,11,105,522,282,11,0.420652173913043,387,920,cult_other,13,crp_10
cd4_high_200,Gersh,0,2,247,268,21,2,0,247,21,2,0.0777777777777778,21,270,cult_other,1,crp_10
cd4_high_200,Kerkhoff,12,15,99,168,69,3,12,99,69,3,0.442622950819672,81,183,cult_other,8,crp_10
cd4_high_200,Reeve,15,21,302,436,134,6,15,302,134,6,0.326039387308534,149,457,cult_other,5,crp_10
cd4_high_200,Yoon,23,27,462,578,116,4,23,462,116,4,0.229752066115702,139,605,cult_other,4,crp_10
history_tb,Gersh,0,1,50,57,7,1,0,50,7,1,0.120689655172414,7,58,cult_other,2,crp_10
history_tb,Kerkhoff,12,15,66,117,51,3,12,66,51,3,0.477272727272727,63,132,cult_other,11,crp_10
history_tb,Reeve,5,5,52,92,40,0,5,52,40,0,0.463917525773196,45,97,cult_other,5,crp_10
history_tb,Yoon,5,5,37,49,12,0,5,37,12,0,0.314814814814815,17,54,cult_other,9,crp_10
pregnant,Kerkhoff,0,0,6,19,13,0,0,6,13,0,0.68421052631579,13,19,cult_other,0,crp_10
pregnant,Yoon,1,1,30,42,12,0,1,30,12,0,0.302325581395349,13,43,cult_other,2,crp_10
smoker,Gersh,0,0,10,10,0,0,0,10,0,0,0,0,10,cult_other,0,crp_10
smoker,Kerkhoff,14,16,59,103,44,2,14,59,44,2,0.487394957983193,58,119,cult_other,13,crp_10
smoker,Reeve,18,23,125,234,109,5,18,125,109,5,0.494163424124514,127,257,cult_other,9,crp_10
smoker,Yoon,6,6,37,64,27,0,6,37,27,0,0.471428571428571,33,70,cult_other,9,crp_10
all,Gersh,0,4,333,378,45,4,0,333,45,4,0.117801047120419,45,382,cult_other,1,crp_8
all,Kerkhoff,59,67,226,435,209,8,59,226,209,8,0.533864541832669,268,502,cult_other,13,crp_8
all,Reeve,55,60,371,641,270,5,55,371,270,5,0.463623395149786,325,701,cult_other,9,crp_8
all,Yoon,131,143,943,1382,439,12,131,943,439,12,0.373770491803279,570,1525,cult_other,9,crp_8
art,Gersh,0,4,331,374,43,4,0,331,43,4,0.113756613756614,43,378,cult_other,1,crp_8
noart,Gersh,0,0,0,1,1,0,0,0,1,0,1,1,1,cult_other,0,crp_8
noart,Kerkhoff,59,67,226,435,209,8,59,226,209,8,0.533864541832669,268,502,cult_other,13,crp_8
noart,Reeve,55,60,371,641,270,5,55,371,270,5,0.463623395149786,325,701,cult_other,9,crp_8
noart,Yoon,131,143,943,1382,439,12,131,943,439,12,0.373770491803279,570,1525,cult_other,9,crp_8
cd4_less_100,Gersh,0,0,8,11,3,0,0,8,3,0,0.272727272727273,3,11,cult_other,0,crp_8
cd4_less_100,Kerkhoff,28,31,43,101,58,3,28,43,58,3,0.651515151515152,86,132,cult_other,23,crp_8
cd4_less_100,Reeve,25,25,21,65,44,0,25,21,44,0,0.766666666666667,69,90,cult_other,28,crp_8
cd4_less_100,Yoon,71,76,266,445,179,5,71,266,179,5,0.479846449136276,250,521,cult_other,15,crp_8
cd4_high_100,Gersh,0,2,269,300,31,2,0,269,31,2,0.102649006622517,31,302,cult_other,1,crp_8
cd4_high_100,Kerkhoff,31,36,183,333,150,5,31,183,150,5,0.490514905149052,181,369,cult_other,10,crp_8
cd4_high_100,Reeve,23,28,321,518,197,5,23,321,197,5,0.402930402930403,220,546,cult_other,5,crp_8
cd4_high_100,Yoon,60,67,677,937,260,7,60,677,260,7,0.318725099601594,320,1004,cult_other,7,crp_8
cd4_less_200,Gersh,0,0,35,43,8,0,0,35,8,0,0.186046511627907,8,43,cult_other,0,crp_8
cd4_less_200,Kerkhoff,47,52,134,266,132,5,47,134,132,5,0.562893081761006,179,318,cult_other,16,crp_8
cd4_less_200,Reeve,32,32,60,147,87,0,32,60,87,0,0.664804469273743,119,179,cult_other,18,crp_8
cd4_less_200,Yoon,108,116,496,804,308,8,108,496,308,8,0.452173913043478,416,920,cult_other,13,crp_8
cd4_high_200,Gersh,0,2,242,268,26,2,0,242,26,2,0.0962962962962963,26,270,cult_other,1,crp_8
cd4_high_200,Kerkhoff,12,15,92,168,76,3,12,92,76,3,0.480874316939891,88,183,cult_other,8,crp_8
cd4_high_200,Reeve,16,21,282,436,154,5,16,282,154,5,0.37199124726477,170,457,cult_other,5,crp_8
cd4_high_200,Yoon,23,27,447,578,131,4,23,447,131,4,0.254545454545455,154,605,cult_other,4,crp_8
history_tb,Gersh,0,1,48,57,9,1,0,48,9,1,0.155172413793103,9,58,cult_other,2,crp_8
history_tb,Kerkhoff,12,15,61,117,56,3,12,61,56,3,0.515151515151515,68,132,cult_other,11,crp_8
history_tb,Reeve,5,5,48,92,44,0,5,48,44,0,0.505154639175258,49,97,cult_other,5,crp_8
history_tb,Yoon,5,5,37,49,12,0,5,37,12,0,0.314814814814815,17,54,cult_other,9,crp_8
pregnant,Kerkhoff,0,0,5,19,14,0,0,5,14,0,0.736842105263158,14,19,cult_other,0,crp_8
pregnant,Yoon,1,1,29,42,13,0,1,29,13,0,0.325581395348837,14,43,cult_other,2,crp_8
smoker,Gersh,0,0,10,10,0,0,0,10,0,0,0,0,10,cult_other,0,crp_8
smoker,Kerkhoff,14,16,56,103,47,2,14,56,47,2,0.512605042016807,61,119,cult_other,13,crp_8
smoker,Reeve,19,23,115,234,119,4,19,115,119,4,0.536964980544747,138,257,cult_other,9,crp_8
smoker,Yoon,6,6,31,64,33,0,6,31,33,0,0.557142857142857,39,70,cult_other,9,crp_8
all,Gersh,1,4,299,378,79,3,1,299,79,3,0.209424083769634,80,382,cult_other,1,crp_5
all,Kerkhoff,61,67,184,435,251,6,61,184,251,6,0.621513944223108,312,502,cult_other,13,crp_5
all,Reeve,58,60,311,641,330,2,58,311,330,2,0.553495007132668,388,701,cult_other,9,crp_5
all,Yoon,133,143,831,1382,551,10,133,831,551,10,0.448524590163934,684,1525,cult_other,9,crp_5
art,Gersh,1,4,297,374,77,3,1,297,77,3,0.206349206349206,78,378,cult_other,1,crp_5
noart,Gersh,0,0,0,1,1,0,0,0,1,0,1,1,1,cult_other,0,crp_5
noart,Kerkhoff,61,67,184,435,251,6,61,184,251,6,0.621513944223108,312,502,cult_other,13,crp_5
noart,Reeve,58,60,311,641,330,2,58,311,330,2,0.553495007132668,388,701,cult_other,9,crp_5
noart,Yoon,133,143,831,1382,551,10,133,831,551,10,0.448524590163934,684,1525,cult_other,9,crp_5
cd4_less_100,Gersh,0,0,8,11,3,0,0,8,3,0,0.272727272727273,3,11,cult_other,0,crp_5
cd4_less_100,Kerkhoff,28,31,33,101,68,3,28,33,68,3,0.727272727272727,96,132,cult_other,23,crp_5
cd4_less_100,Reeve,25,25,15,65,50,0,25,15,50,0,0.833333333333333,75,90,cult_other,28,crp_5
cd4_less_100,Yoon,71,76,227,445,218,5,71,227,218,5,0.554702495201536,289,521,cult_other,15,crp_5
cd4_high_100,Gersh,0,2,242,300,58,2,0,242,58,2,0.19205298013245,58,302,cult_other,1,crp_5
cd4_high_100,Kerkhoff,33,36,151,333,182,3,33,151,182,3,0.582655826558266,215,369,cult_other,10,crp_5
cd4_high_100,Reeve,26,28,271,518,247,2,26,271,247,2,0.5,273,546,cult_other,5,crp_5
cd4_high_100,Yoon,62,67,604,937,333,5,62,604,333,5,0.393426294820717,395,1004,cult_other,7,crp_5
cd4_less_200,Gersh,0,0,32,43,11,0,0,32,11,0,0.255813953488372,11,43,cult_other,0,crp_5
cd4_less_200,Kerkhoff,47,52,107,266,159,5,47,107,159,5,0.647798742138365,206,318,cult_other,16,crp_5
cd4_less_200,Reeve,32,32,44,147,103,0,32,44,103,0,0.754189944134078,135,179,cult_other,18,crp_5
cd4_less_200,Yoon,109,116,437,804,367,7,109,437,367,7,0.517391304347826,476,920,cult_other,13,crp_5
cd4_high_200,Gersh,0,2,218,268,50,2,0,218,50,2,0.185185185185185,50,270,cult_other,1,crp_5
cd4_high_200,Kerkhoff,14,15,77,168,91,1,14,77,91,1,0.573770491803279,105,183,cult_other,8,crp_5
cd4_high_200,Reeve,19,21,242,436,194,2,19,242,194,2,0.466083150984683,213,457,cult_other,5,crp_5
cd4_high_200,Yoon,24,27,394,578,184,3,24,394,184,3,0.343801652892562,208,605,cult_other,4,crp_5
history_tb,Gersh,0,1,41,57,16,1,0,41,16,1,0.275862068965517,16,58,cult_other,2,crp_5
history_tb,Kerkhoff,13,15,51,117,66,2,13,51,66,2,0.598484848484849,79,132,cult_other,11,crp_5
history_tb,Reeve,5,5,43,92,49,0,5,43,49,0,0.556701030927835,54,97,cult_other,5,crp_5
history_tb,Yoon,5,5,32,49,17,0,5,32,17,0,0.407407407407407,22,54,cult_other,9,crp_5
pregnant,Kerkhoff,0,0,4,19,15,0,0,4,15,0,0.789473684210526,15,19,cult_other,0,crp_5
pregnant,Yoon,1,1,25,42,17,0,1,25,17,0,0.418604651162791,18,43,cult_other,2,crp_5
smoker,Gersh,0,0,10,10,0,0,0,10,0,0,0,0,10,cult_other,0,crp_5
smoker,Kerkhoff,15,16,45,103,58,1,15,45,58,1,0.613445378151261,73,119,cult_other,13,crp_5
smoker,Reeve,21,23,94,234,140,2,21,94,140,2,0.626459143968872,161,257,cult_other,9,crp_5
smoker,Yoon,6,6,28,64,36,0,6,28,36,0,0.6,42,70,cult_other,9,crp_5
all,Affolabi,73,111,2045,2607,562,38,73,2045,562,38,0.233627667402502,635,2718,cult_other,4,cxr_abn
all,Kerkhoff,52,68,222,409,187,16,52,222,187,16,0.50104821802935,239,477,cult_other,14,cxr_abn
all,Modi,40,50,307,513,206,10,40,307,206,10,0.436944937833037,246,563,cult_other,9,cxr_abn
all,Thit,13,21,268,411,143,8,13,268,143,8,0.361111111111111,156,432,cult_other,5,cxr_abn
art,Affolabi,28,40,1309,1706,397,12,28,1309,397,12,0.243413516609393,425,1746,cult_other,2,cxr_abn
art,Thit,10,15,199,302,103,5,10,199,103,5,0.356466876971609,113,317,cult_other,5,cxr_abn
noart,Affolabi,45,71,736,901,165,26,45,736,165,26,0.216049382716049,210,972,cult_other,7,cxr_abn
noart,Kerkhoff,52,68,222,409,187,16,52,222,187,16,0.50104821802935,239,477,cult_other,14,cxr_abn
noart,Modi,40,50,307,513,206,10,40,307,206,10,0.436944937833037,246,563,cult_other,9,cxr_abn
noart,Thit,3,6,69,109,40,3,3,69,40,3,0.373913043478261,43,115,cult_other,5,cxr_abn
cd4_less_100,Affolabi,20,32,246,317,71,12,20,246,71,12,0.260744985673352,91,349,cult_other,9,cxr_abn
cd4_less_100,Kerkhoff,22,31,55,99,44,9,22,55,44,9,0.507692307692308,66,130,cult_other,24,cxr_abn
cd4_less_100,Modi,17,21,35,78,43,4,17,35,43,4,0.606060606060606,60,99,cult_other,21,cxr_abn
cd4_less_100,Thit,7,10,36,58,22,3,7,36,22,3,0.426470588235294,29,68,cult_other,15,cxr_abn
cd4_high_100,Affolabi,48,73,1756,2229,473,25,48,1756,473,25,0.22632493483927,521,2302,cult_other,3,cxr_abn
cd4_high_100,Kerkhoff,29,36,166,309,143,7,29,166,143,7,0.498550724637681,172,345,cult_other,10,cxr_abn
cd4_high_100,Modi,19,25,257,414,157,6,19,257,157,6,0.400911161731207,176,439,cult_other,6,cxr_abn
cd4_high_100,Thit,6,11,232,352,120,5,6,232,120,5,0.347107438016529,126,363,cult_other,3,cxr_abn
cd4_less_200,Affolabi,37,60,484,628,144,23,37,484,144,23,0.263081395348837,181,688,cult_other,9,cxr_abn
cd4_less_200,Kerkhoff,39,52,144,257,113,13,39,144,113,13,0.491909385113269,152,309,cult_other,17,cxr_abn
cd4_less_200,Modi,23,29,69,138,69,6,23,69,69,6,0.550898203592814,92,167,cult_other,17,cxr_abn
cd4_less_200,Thit,10,15,74,132,58,5,10,74,58,5,0.462585034013605,68,147,cult_other,10,cxr_abn
cd4_high_200,Affolabi,31,45,1518,1918,400,14,31,1518,400,14,0.219561895058584,431,1963,cult_other,2,cxr_abn
cd4_high_200,Kerkhoff,12,15,77,151,74,3,12,77,74,3,0.518072289156627,86,166,cult_other,9,cxr_abn
cd4_high_200,Modi,13,17,223,354,131,4,13,223,131,4,0.388140161725067,144,371,cult_other,5,cxr_abn
cd4_high_200,Thit,3,6,194,278,84,3,3,194,84,3,0.306338028169014,87,284,cult_other,2,cxr_abn
history_tb,Kerkhoff,14,17,28,112,84,3,14,28,84,3,0.75968992248062,98,129,cult_other,13,cxr_abn
history_tb,Thit,4,6,48,83,35,2,4,48,35,2,0.438202247191011,39,89,cult_other,7,cxr_abn
pregnant,Modi,1,1,5,7,2,0,1,5,2,0,0.375,3,8,cult_other,12,cxr_abn
smoker,Affolabi,2,2,55,95,40,0,2,55,40,0,0.43298969072165,42,97,cult_other,2,cxr_abn
smoker,Kerkhoff,15,16,42,100,58,1,15,42,58,1,0.629310344827586,73,116,cult_other,14,cxr_abn
smoker,Thit,5,11,66,116,50,6,5,66,50,6,0.433070866141732,55,127,cult_other,9,cxr_abn
all,Affolabi,61,111,2415,2605,190,50,61,2415,190,50,0.0924153166421208,251,2716,cult_other,4,cxr_sugg
all,Kerkhoff,49,67,261,408,147,18,49,261,147,18,0.412631578947368,196,475,cult_other,14,cxr_sugg
all,Modi,31,50,442,508,66,19,31,442,66,19,0.173835125448029,97,558,cult_other,9,cxr_sugg
art,Affolabi,22,40,1567,1705,138,18,22,1567,138,18,0.0916905444126074,160,1745,cult_other,2,cxr_sugg
noart,Affolabi,39,71,848,900,52,32,39,848,52,32,0.0937178166838311,91,971,cult_other,7,cxr_sugg
noart,Kerkhoff,49,67,261,408,147,18,49,261,147,18,0.412631578947368,196,475,cult_other,14,cxr_sugg
noart,Modi,31,50,442,508,66,19,31,442,66,19,0.173835125448029,97,558,cult_other,9,cxr_sugg
cd4_less_100,Affolabi,17,32,295,316,21,15,17,295,21,15,0.109195402298851,38,348,cult_other,9,cxr_sugg
cd4_less_100,Kerkhoff,21,30,62,98,36,9,21,62,36,9,0.4453125,57,128,cult_other,23,cxr_sugg
cd4_less_100,Modi,11,21,58,77,19,10,11,58,19,10,0.306122448979592,30,98,cult_other,21,cxr_sugg
cd4_high_100,Affolabi,39,73,2064,2228,164,34,39,2064,164,34,0.0882225119513255,203,2301,cult_other,3,cxr_sugg
cd4_high_100,Kerkhoff,27,36,198,309,111,9,27,198,111,9,0.4,138,345,cult_other,10,cxr_sugg
cd4_high_100,Modi,16,25,366,410,44,9,16,366,44,9,0.137931034482759,60,435,cult_other,6,cxr_sugg
cd4_less_200,Affolabi,32,60,577,626,49,28,32,577,49,28,0.118075801749271,81,686,cult_other,9,cxr_sugg
cd4_less_200,Kerkhoff,36,51,164,256,92,15,36,164,92,15,0.416938110749186,128,307,cult_other,17,cxr_sugg
cd4_less_200,Modi,16,29,105,135,30,13,16,105,30,13,0.280487804878049,46,164,cult_other,18,cxr_sugg
cd4_high_200,Affolabi,24,45,1782,1918,136,21,24,1782,136,21,0.0815078960774325,160,1963,cult_other,2,cxr_sugg
cd4_high_200,Kerkhoff,12,15,96,151,55,3,12,96,55,3,0.403614457831325,67,166,cult_other,9,cxr_sugg
cd4_high_200,Modi,11,17,319,352,33,6,11,319,33,6,0.119241192411924,44,369,cult_other,5,cxr_sugg
history_tb,Kerkhoff,13,17,35,112,77,4,13,35,77,4,0.697674418604651,90,129,cult_other,13,cxr_sugg
pregnant,Modi,1,1,6,6,0,0,1,6,0,0,0.142857142857143,1,7,cult_other,14,cxr_sugg
smoker,Affolabi,2,2,70,95,25,0,2,70,25,0,0.278350515463918,27,97,cult_other,2,cxr_sugg
smoker,Kerkhoff,14,16,52,99,47,2,14,52,47,2,0.530434782608696,61,115,cult_other,14,cxr_sugg
all,Balcha,10,90,648,664,16,80,10,648,16,80,0.0344827586206897,26,754,cult,12,hb_8
all,Bjerrum,4,19,87,106,19,15,4,87,19,15,0.184,23,125,cult_other,15,hb_8
all,Gersh,0,4,337,359,22,4,0,337,22,4,0.0606060606060606,22,363,cult_other,1,hb_8
all,Kerkhoff,11,67,407,423,16,56,11,407,16,56,0.0551020408163265,27,490,cult_other,14,hb_8
all,Thit,2,21,314,345,31,19,2,314,31,19,0.0901639344262295,33,366,cult_other,6,hb_8
art,Gersh,0,4,333,355,22,4,0,333,22,4,0.0612813370473538,22,359,cult_other,1,hb_8
art,Thit,2,16,231,254,23,14,2,231,23,14,0.0925925925925926,25,270,cult_other,6,hb_8
noart,Balcha,10,90,648,664,16,80,10,648,16,80,0.0344827586206897,26,754,cult,12,hb_8
noart,Bjerrum,4,19,87,106,19,15,4,87,19,15,0.184,23,125,cult_other,15,hb_8
noart,Gersh,0,0,1,1,0,0,0,1,0,0,0,0,1,cult_other,0,hb_8
noart,Kerkhoff,11,67,407,423,16,56,11,407,16,56,0.0551020408163265,27,490,cult_other,14,hb_8
noart,Thit,0,5,83,91,8,5,0,83,8,5,0.0833333333333333,8,96,cult_other,5,hb_8
cd4_less_100,Balcha,8,31,112,117,5,23,8,112,5,23,0.0878378378378378,13,148,cult,21,hb_8
cd4_less_100,Bjerrum,2,9,41,48,7,7,2,41,7,7,0.157894736842105,9,57,cult_other,16,hb_8
cd4_less_100,Gersh,0,0,9,9,0,0,0,9,0,0,0,0,9,cult_other,0,hb_8
cd4_less_100,Kerkhoff,7,32,95,98,3,25,7,95,3,25,0.0769230769230769,10,130,cult_other,25,hb_8
cd4_less_100,Thit,1,8,50,57,7,7,1,50,7,7,0.123076923076923,8,65,cult_other,12,hb_8
cd4_high_100,Balcha,2,59,536,547,11,57,2,536,11,57,0.0214521452145215,13,606,cult,10,hb_8
cd4_high_100,Bjerrum,2,10,45,57,12,8,2,45,12,8,0.208955223880597,14,67,cult_other,15,hb_8
cd4_high_100,Gersh,0,2,269,285,16,2,0,269,16,2,0.0557491289198606,16,287,cult_other,1,hb_8
cd4_high_100,Kerkhoff,4,34,311,324,13,30,4,311,13,30,0.0474860335195531,17,358,cult_other,9,hb_8
cd4_high_100,Thit,1,13,264,288,24,12,1,264,24,12,0.0830564784053156,25,301,cult_other,4,hb_8
cd4_less_200,Balcha,9,60,286,295,9,51,9,286,9,51,0.0507042253521127,18,355,cult,17,hb_8
cd4_less_200,Bjerrum,2,13,58,71,13,11,2,58,13,11,0.178571428571429,15,84,cult_other,15,hb_8
cd4_less_200,Gersh,0,0,34,37,3,0,0,34,3,0,0.0810810810810811,3,37,cult_other,0,hb_8
cd4_less_200,Kerkhoff,11,51,249,259,10,40,11,249,10,40,0.067741935483871,21,310,cult_other,16,hb_8
cd4_less_200,Thit,1,14,101,116,15,13,1,101,15,13,0.123076923076923,16,130,cult_other,11,hb_8
cd4_high_200,Balcha,1,30,362,369,7,29,1,362,7,29,0.0200501253132832,8,399,cult,8,hb_8
cd4_high_200,Bjerrum,2,6,28,34,6,4,2,28,6,4,0.2,8,40,cult_other,15,hb_8
cd4_high_200,Gersh,0,2,244,257,13,2,0,244,13,2,0.0501930501930502,13,259,cult_other,1,hb_8
cd4_high_200,Kerkhoff,0,15,157,163,6,15,0,157,6,15,0.0337078651685393,6,178,cult_other,8,hb_8
cd4_high_200,Thit,1,7,213,229,16,6,1,213,16,6,0.0720338983050848,17,236,cult_other,3,hb_8
history_tb,Balcha,0,3,43,43,0,3,0,43,0,3,0,0,46,cult,7,hb_8
history_tb,Bjerrum,0,1,5,6,1,1,0,5,1,1,0.142857142857143,1,7,cult_other,14,hb_8
history_tb,Gersh,0,1,51,53,2,1,0,51,2,1,0.037037037037037,2,54,cult_other,2,hb_8
history_tb,Kerkhoff,1,17,108,114,6,16,1,108,6,16,0.0534351145038168,7,131,cult_other,13,hb_8
history_tb,Thit,1,7,64,70,6,6,1,64,6,6,0.0909090909090909,7,77,cult_other,9,hb_8
pregnant,Bjerrum,0,0,5,5,0,0,0,5,0,0,0,0,5,cult_other,0,hb_8
pregnant,Kerkhoff,0,0,20,20,0,0,0,20,0,0,0,0,20,cult_other,0,hb_8
smoker,Balcha,2,10,24,24,0,8,2,24,0,8,0.0588235294117647,2,34,cult,29,hb_8
smoker,Bjerrum,0,2,0,0,0,2,0,0,0,2,0,0,2,cult_other,100,hb_8
smoker,Gersh,0,0,10,10,0,0,0,10,0,0,0,0,10,cult_other,0,hb_8
smoker,Kerkhoff,1,15,97,99,2,14,1,97,2,14,0.0263157894736842,3,114,cult_other,13,hb_8
smoker,Thit,1,9,90,100,10,8,1,90,10,8,0.100917431192661,11,109,cult_other,8,hb_8
all,Balcha,45,90,546,664,118,45,45,546,118,45,0.216180371352785,163,754,cult,12,hb_10
all,Bjerrum,16,19,53,106,53,3,16,53,53,3,0.552,69,125,cult_other,15,hb_10
all,Gersh,0,4,307,359,52,4,0,307,52,4,0.143250688705234,52,363,cult_other,1,hb_10
all,Kerkhoff,30,67,367,423,56,37,30,367,56,37,0.175510204081633,86,490,cult_other,14,hb_10
all,Thit,13,21,225,345,120,8,13,225,120,8,0.363387978142077,133,366,cult_other,6,hb_10
art,Gersh,0,4,304,355,51,4,0,304,51,4,0.142061281337047,51,359,cult_other,1,hb_10
art,Thit,10,16,168,254,86,6,10,168,86,6,0.355555555555556,96,270,cult_other,6,hb_10
noart,Balcha,45,90,546,664,118,45,45,546,118,45,0.216180371352785,163,754,cult,12,hb_10
noart,Bjerrum,16,19,53,106,53,3,16,53,53,3,0.552,69,125,cult_other,15,hb_10
noart,Gersh,0,0,1,1,0,0,0,1,0,0,0,0,1,cult_other,0,hb_10
noart,Kerkhoff,30,67,367,423,56,37,30,367,56,37,0.175510204081633,86,490,cult_other,14,hb_10
noart,Thit,3,5,57,91,34,2,3,57,34,2,0.385416666666667,37,96,cult_other,5,hb_10
cd4_less_100,Balcha,22,31,77,117,40,9,22,77,40,9,0.418918918918919,62,148,cult,21,hb_10
cd4_less_100,Bjerrum,8,9,19,48,29,1,8,19,29,1,0.649122807017544,37,57,cult_other,16,hb_10
cd4_less_100,Gersh,0,0,9,9,0,0,0,9,0,0,0,0,9,cult_other,0,hb_10
cd4_less_100,Kerkhoff,17,32,85,98,13,15,17,85,13,15,0.230769230769231,30,130,cult_other,25,hb_10
cd4_less_100,Thit,5,8,30,57,27,3,5,30,27,3,0.492307692307692,32,65,cult_other,12,hb_10
cd4_high_100,Balcha,23,59,469,547,78,36,23,469,78,36,0.166666666666667,101,606,cult,10,hb_10
cd4_high_100,Bjerrum,8,10,33,57,24,2,8,33,24,2,0.477611940298507,32,67,cult_other,15,hb_10
cd4_high_100,Gersh,0,2,245,285,40,2,0,245,40,2,0.139372822299652,40,287,cult_other,1,hb_10
cd4_high_100,Kerkhoff,13,34,281,324,43,21,13,281,43,21,0.156424581005587,56,358,cult_other,9,hb_10
cd4_high_100,Thit,8,13,195,288,93,5,8,195,93,5,0.335548172757475,101,301,cult_other,4,hb_10
cd4_less_200,Balcha,35,60,222,295,73,25,35,222,73,25,0.304225352112676,108,355,cult,17,hb_10
cd4_less_200,Bjerrum,12,13,31,71,40,1,12,31,40,1,0.619047619047619,52,84,cult_other,15,hb_10
cd4_less_200,Gersh,0,0,31,37,6,0,0,31,6,0,0.162162162162162,6,37,cult_other,0,hb_10
cd4_less_200,Kerkhoff,28,51,225,259,34,23,28,225,34,23,0.2,62,310,cult_other,16,hb_10
cd4_less_200,Thit,9,14,60,116,56,5,9,60,56,5,0.5,65,130,cult_other,11,hb_10
cd4_high_200,Balcha,10,30,324,369,45,20,10,324,45,20,0.137844611528822,55,399,cult,8,hb_10
cd4_high_200,Bjerrum,4,6,21,34,13,2,4,21,13,2,0.425,17,40,cult_other,15,hb_10
cd4_high_200,Gersh,0,2,223,257,34,2,0,223,34,2,0.131274131274131,34,259,cult_other,1,hb_10
cd4_high_200,Kerkhoff,2,15,141,163,22,13,2,141,22,13,0.134831460674157,24,178,cult_other,8,hb_10
cd4_high_200,Thit,4,7,165,229,64,3,4,165,64,3,0.288135593220339,68,236,cult_other,3,hb_10
history_tb,Balcha,1,3,36,43,7,2,1,36,7,2,0.173913043478261,8,46,cult,7,hb_10
history_tb,Bjerrum,0,1,4,6,2,1,0,4,2,1,0.285714285714286,2,7,cult_other,14,hb_10
history_tb,Gersh,0,1,47,53,6,1,0,47,6,1,0.111111111111111,6,54,cult_other,2,hb_10
history_tb,Kerkhoff,5,17,97,114,17,12,5,97,17,12,0.16793893129771,22,131,cult_other,13,hb_10
history_tb,Thit,4,7,45,70,25,3,4,45,25,3,0.376623376623377,29,77,cult_other,9,hb_10
pregnant,Bjerrum,0,0,2,5,3,0,0,2,3,0,0.6,3,5,cult_other,0,hb_10
pregnant,Kerkhoff,0,0,14,20,6,0,0,14,6,0,0.3,6,20,cult_other,0,hb_10
smoker,Balcha,4,10,22,24,2,6,4,22,2,6,0.176470588235294,6,34,cult,29,hb_10
smoker,Bjerrum,2,2,0,0,0,0,2,0,0,0,1,2,2,cult_other,100,hb_10
smoker,Gersh,0,0,10,10,0,0,0,10,0,0,0,0,10,cult_other,0,hb_10
smoker,Kerkhoff,2,15,92,99,7,13,2,92,7,13,0.0789473684210526,9,114,cult_other,13,hb_10
smoker,Thit,6,9,73,100,27,3,6,73,27,3,0.302752293577982,33,109,cult_other,8,hb_10
all,Balcha,15,96,693,706,13,81,15,693,13,81,0.0349127182044888,28,802,cult,12,lad
all,Bjerrum,9,21,99,118,19,12,9,99,19,12,0.201438848920863,28,139,cult_other,15,lad
all,Thit,3,25,409,438,29,22,3,409,29,22,0.0691144708423326,32,463,cult_other,5,lad
art,Thit,2,19,295,319,24,17,2,295,24,17,0.0769230769230769,26,338,cult_other,6,lad
noart,Balcha,15,96,693,706,13,81,15,693,13,81,0.0349127182044888,28,802,cult,12,lad
noart,Bjerrum,9,21,99,118,19,12,9,99,19,12,0.201438848920863,28,139,cult_other,15,lad
noart,Thit,1,6,114,119,5,5,1,114,5,5,0.048,6,125,cult_other,5,lad
cd4_less_100,Balcha,5,34,121,123,2,29,5,121,2,29,0.0445859872611465,7,157,cult,22,lad
cd4_less_100,Bjerrum,4,11,47,52,5,7,4,47,5,7,0.142857142857143,9,63,cult_other,17,lad
cd4_less_100,Thit,1,10,59,64,5,9,1,59,5,9,0.0810810810810811,6,74,cult_other,14,lad
cd4_high_100,Balcha,10,62,567,578,11,52,10,567,11,52,0.0328125,21,640,cult,10,lad
cd4_high_100,Bjerrum,5,10,51,65,14,5,5,51,14,5,0.253333333333333,19,75,cult_other,13,lad
cd4_high_100,Thit,2,15,349,373,24,13,2,349,24,13,0.0670103092783505,26,388,cult_other,4,lad
cd4_less_200,Balcha,9,66,302,310,8,57,9,302,8,57,0.0452127659574468,17,376,cult,18,lad
cd4_less_200,Bjerrum,6,15,70,78,8,9,6,70,8,9,0.150537634408602,14,93,cult_other,16,lad
cd4_less_200,Thit,2,16,128,142,14,14,2,128,14,14,0.10126582278481,16,158,cult_other,10,lad
cd4_high_200,Balcha,6,30,386,391,5,24,6,386,5,24,0.0261282660332542,11,421,cult,7,lad
cd4_high_200,Bjerrum,3,6,28,39,11,3,3,28,11,3,0.311111111111111,14,45,cult_other,13,lad
cd4_high_200,Thit,1,9,280,295,15,8,1,280,15,8,0.0526315789473684,16,304,cult_other,3,lad
history_tb,Balcha,1,4,46,47,1,3,1,46,1,3,0.0392156862745098,2,51,cult,8,lad
history_tb,Bjerrum,0,2,4,7,3,2,0,4,3,2,0.333333333333333,3,9,cult_other,22,lad
history_tb,Thit,3,8,83,86,3,5,3,83,3,5,0.0638297872340426,6,94,cult_other,9,lad
pregnant,Bjerrum,0,0,6,6,0,0,0,6,0,0,0,0,6,cult_other,0,lad
smoker,Balcha,1,10,22,24,2,9,1,22,2,9,0.0882352941176471,3,34,cult,29,lad
smoker,Bjerrum,0,2,0,0,0,2,0,0,0,2,0,0,2,cult_other,100,lad
smoker,Thit,2,12,112,125,13,10,2,112,13,10,0.109489051094891,15,137,cult_other,9,lad
all,Gersh,0,4,299,378,79,4,0,299,79,4,0.206806282722513,79,382,cult_other,1,who+crp
all,Kerkhoff,66,67,45,435,390,1,66,45,390,1,0.908366533864542,456,502,cult_other,13,who+crp
all,Reeve,56,60,225,641,416,4,56,225,416,4,0.673323823109843,472,701,cult_other,9,who+crp
all,Yoon,142,143,177,1382,1205,1,142,177,1205,1,0.88327868852459,1347,1525,cult_other,9,who+crp
art,Gersh,0,4,297,374,77,4,0,297,77,4,0.203703703703704,77,378,cult_other,1,who+crp
noart,Gersh,0,0,0,1,1,0,0,0,1,0,1,1,1,cult_other,0,who+crp
noart,Kerkhoff,66,67,45,435,390,1,66,45,390,1,0.908366533864542,456,502,cult_other,13,who+crp
noart,Reeve,56,60,225,641,416,4,56,225,416,4,0.673323823109843,472,701,cult_other,9,who+crp
noart,Yoon,142,143,177,1382,1205,1,142,177,1205,1,0.88327868852459,1347,1525,cult_other,9,who+crp
cd4_less_100,Gersh,0,0,6,11,5,0,0,6,5,0,0.454545454545455,5,11,cult_other,0,who+crp
cd4_less_100,Kerkhoff,31,31,5,101,96,0,31,5,96,0,0.962121212121212,127,132,cult_other,23,who+crp
cd4_less_100,Reeve,25,25,10,65,55,0,25,10,55,0,0.888888888888889,80,90,cult_other,28,who+crp
cd4_less_100,Yoon,76,76,29,445,416,0,76,29,416,0,0.944337811900192,492,521,cult_other,15,who+crp
cd4_high_100,Gersh,0,2,245,300,55,2,0,245,55,2,0.182119205298013,55,302,cult_other,1,who+crp
cd4_high_100,Kerkhoff,35,36,40,333,293,1,35,40,293,1,0.888888888888889,328,369,cult_other,10,who+crp
cd4_high_100,Reeve,24,28,193,518,325,4,24,193,325,4,0.639194139194139,349,546,cult_other,5,who+crp
cd4_high_100,Yoon,66,67,148,937,789,1,66,148,789,1,0.851593625498008,855,1004,cult_other,7,who+crp
cd4_less_200,Gersh,0,0,33,43,10,0,0,33,10,0,0.232558139534884,10,43,cult_other,0,who+crp
cd4_less_200,Kerkhoff,51,52,26,266,240,1,51,26,240,1,0.915094339622642,291,318,cult_other,16,who+crp
cd4_less_200,Reeve,31,32,35,147,112,1,31,35,112,1,0.798882681564246,143,179,cult_other,18,who+crp
cd4_less_200,Yoon,115,116,76,804,728,1,115,76,728,1,0.916304347826087,843,920,cult_other,13,who+crp
cd4_high_200,Gersh,0,2,218,268,50,2,0,218,50,2,0.185185185185185,50,270,cult_other,1,who+crp
cd4_high_200,Kerkhoff,15,15,19,168,149,0,15,19,149,0,0.896174863387978,164,183,cult_other,8,who+crp
cd4_high_200,Reeve,18,21,168,436,268,3,18,168,268,3,0.62582056892779,286,457,cult_other,5,who+crp
cd4_high_200,Yoon,27,27,101,578,477,0,27,101,477,0,0.83305785123967,504,605,cult_other,4,who+crp
history_tb,Gersh,0,1,41,57,16,1,0,41,16,1,0.275862068965517,16,58,cult_other,2,who+crp
history_tb,Kerkhoff,15,15,11,117,106,0,15,11,106,0,0.916666666666667,121,132,cult_other,11,who+crp
history_tb,Reeve,5,5,29,92,63,0,5,29,63,0,0.701030927835052,68,97,cult_other,5,who+crp
history_tb,Yoon,5,5,8,49,41,0,5,8,41,0,0.851851851851852,46,54,cult_other,9,who+crp
pregnant,Kerkhoff,0,0,4,19,15,0,0,4,15,0,0.789473684210526,15,19,cult_other,0,who+crp
pregnant,Yoon,1,1,7,42,35,0,1,7,35,0,0.837209302325582,36,43,cult_other,2,who+crp
smoker,Gersh,0,0,7,10,3,0,0,7,3,0,0.3,3,10,cult_other,0,who+crp
smoker,Kerkhoff,16,16,6,103,97,0,16,6,97,0,0.949579831932773,113,119,cult_other,13,who+crp
smoker,Reeve,21,23,56,234,178,2,21,56,178,2,0.77431906614786,199,257,cult_other,9,who+crp
smoker,Yoon,6,6,4,64,60,0,6,4,60,0,0.942857142857143,66,70,cult_other,9,who+crp
all,Affolabi,97,111,1567,2607,1040,14,97,1567,1040,14,0.41832229580574,1137,2718,cult_other,4,who+cxrabn
all,Kerkhoff,67,68,35,409,374,1,67,35,374,1,0.924528301886792,441,477,cult_other,14,who+cxrabn
all,Modi,46,48,171,507,336,2,46,171,336,2,0.688288288288288,382,555,cult_other,9,who+cxrabn
all,Thit,20,21,152,411,259,1,20,152,259,1,0.645833333333333,279,432,cult_other,5,who+cxrabn
art,Affolabi,31,40,1105,1706,601,9,31,1105,601,9,0.361970217640321,632,1746,cult_other,2,who+cxrabn
art,Thit,14,15,113,302,189,1,14,113,189,1,0.640378548895899,203,317,cult_other,5,who+cxrabn
noart,Affolabi,66,71,462,901,439,5,66,462,439,5,0.519547325102881,505,972,cult_other,7,who+cxrabn
noart,Kerkhoff,67,68,35,409,374,1,67,35,374,1,0.924528301886792,441,477,cult_other,14,who+cxrabn
noart,Modi,46,48,171,507,336,2,46,171,336,2,0.688288288288288,382,555,cult_other,9,who+cxrabn
noart,Thit,6,6,39,109,70,0,6,39,70,0,0.660869565217391,76,115,cult_other,5,who+cxrabn
cd4_less_100,Affolabi,30,32,129,317,188,2,30,129,188,2,0.624641833810888,218,349,cult_other,9,who+cxrabn
cd4_less_100,Kerkhoff,31,31,5,99,94,0,31,5,94,0,0.961538461538461,125,130,cult_other,24,who+cxrabn
cd4_less_100,Modi,20,20,11,78,67,0,20,11,67,0,0.887755102040816,87,98,cult_other,20,who+cxrabn
cd4_less_100,Thit,10,10,11,58,47,0,10,11,47,0,0.838235294117647,57,68,cult_other,15,who+cxrabn
cd4_high_100,Affolabi,61,73,1418,2229,811,12,61,1418,811,12,0.378801042571677,872,2302,cult_other,3,who+cxrabn
cd4_high_100,Kerkhoff,35,36,30,309,279,1,35,30,279,1,0.910144927536232,314,345,cult_other,10,who+cxrabn
cd4_high_100,Modi,22,24,151,408,257,2,22,151,257,2,0.645833333333333,279,432,cult_other,6,who+cxrabn
cd4_high_100,Thit,10,11,141,352,211,1,10,141,211,1,0.608815426997245,221,363,cult_other,3,who+cxrabn
cd4_less_200,Affolabi,53,60,286,628,342,7,53,286,342,7,0.574127906976744,395,688,cult_other,9,who+cxrabn
cd4_less_200,Kerkhoff,51,52,24,257,233,1,51,24,233,1,0.919093851132686,284,309,cult_other,17,who+cxrabn
cd4_less_200,Modi,27,27,22,138,116,0,27,22,116,0,0.866666666666667,143,165,cult_other,16,who+cxrabn
cd4_less_200,Thit,15,15,29,132,103,0,15,29,103,0,0.802721088435374,118,147,cult_other,10,who+cxrabn
cd4_high_200,Affolabi,38,45,1261,1918,657,7,38,1261,657,7,0.354049923586347,695,1963,cult_other,2,who+cxrabn
cd4_high_200,Kerkhoff,15,15,11,151,140,0,15,11,140,0,0.933734939759036,155,166,cult_other,9,who+cxrabn
cd4_high_200,Modi,15,17,140,348,208,2,15,140,208,2,0.610958904109589,223,365,cult_other,5,who+cxrabn
cd4_high_200,Thit,5,6,123,278,155,1,5,123,155,1,0.563380281690141,160,284,cult_other,2,who+cxrabn
history_tb,Kerkhoff,17,17,4,112,108,0,17,4,108,0,0.968992248062015,125,129,cult_other,13,who+cxrabn
history_tb,Thit,6,6,22,83,61,0,6,22,61,0,0.752808988764045,67,89,cult_other,7,who+cxrabn
pregnant,Modi,1,1,4,7,3,0,1,4,3,0,0.5,4,8,cult_other,12,who+cxrabn
smoker,Affolabi,2,2,39,95,56,0,2,39,56,0,0.597938144329897,58,97,cult_other,2,who+cxrabn
smoker,Kerkhoff,16,16,4,100,96,0,16,4,96,0,0.96551724137931,112,116,cult_other,14,who+cxrabn
smoker,Thit,10,11,38,116,78,1,10,38,78,1,0.692913385826772,88,127,cult_other,9,who+cxrabn
all,Gersh,0,4,363,378,15,4,0,363,15,4,0.0392670157068063,15,382,cult_other,1,who_then_crp
all,Kerkhoff,60,67,215,435,220,7,60,215,220,7,0.557768924302789,280,502,cult_other,13,who_then_crp
all,Reeve,48,60,432,641,209,12,48,432,209,12,0.366619115549215,257,701,cult_other,9,who_then_crp
all,Yoon,131,143,857,1382,525,12,131,857,525,12,0.43016393442623,656,1525,cult_other,9,who_then_crp
art,Gersh,0,4,359,374,15,4,0,359,15,4,0.0396825396825397,15,378,cult_other,1,who_then_crp
noart,Gersh,0,0,1,1,0,0,0,1,0,0,0,0,1,cult_other,0,who_then_crp
noart,Kerkhoff,60,67,215,435,220,7,60,215,220,7,0.557768924302789,280,502,cult_other,13,who_then_crp
noart,Reeve,48,60,432,641,209,12,48,432,209,12,0.366619115549215,257,701,cult_other,9,who_then_crp
noart,Yoon,131,143,857,1382,525,12,131,857,525,12,0.43016393442623,656,1525,cult_other,9,who_then_crp
cd4_less_100,Gersh,0,0,11,11,0,0,0,11,0,0,0,0,11,cult_other,0,who_then_crp
cd4_less_100,Kerkhoff,28,31,41,101,60,3,28,41,60,3,0.666666666666667,88,132,cult_other,23,who_then_crp
cd4_less_100,Reeve,24,25,22,65,43,1,24,22,43,1,0.744444444444445,67,90,cult_other,28,who_then_crp
cd4_less_100,Yoon,71,76,232,445,213,5,71,232,213,5,0.54510556621881,284,521,cult_other,15,who_then_crp
cd4_high_100,Gersh,0,2,290,300,10,2,0,290,10,2,0.033112582781457,10,302,cult_other,1,who_then_crp
cd4_high_100,Kerkhoff,32,36,174,333,159,4,32,174,159,4,0.517615176151762,191,369,cult_other,10,who_then_crp
cd4_high_100,Reeve,17,28,373,518,145,11,17,373,145,11,0.296703296703297,162,546,cult_other,5,who_then_crp
cd4_high_100,Yoon,60,67,625,937,312,7,60,625,312,7,0.370517928286853,372,1004,cult_other,7,who_then_crp
cd4_less_200,Gersh,0,0,42,43,1,0,0,42,1,0,0.0232558139534884,1,43,cult_other,0,who_then_crp
cd4_less_200,Kerkhoff,46,52,126,266,140,6,46,126,140,6,0.584905660377359,186,318,cult_other,16,who_then_crp
cd4_less_200,Reeve,28,32,71,147,76,4,28,71,76,4,0.581005586592179,104,179,cult_other,18,who_then_crp
cd4_less_200,Yoon,107,116,448,804,356,9,107,448,356,9,0.503260869565217,463,920,cult_other,13,who_then_crp
cd4_high_200,Gersh,0,2,259,268,9,2,0,259,9,2,0.0333333333333333,9,270,cult_other,1,who_then_crp
cd4_high_200,Kerkhoff,14,15,89,168,79,1,14,89,79,1,0.508196721311475,93,183,cult_other,8,who_then_crp
cd4_high_200,Reeve,13,21,324,436,112,8,13,324,112,8,0.273522975929978,125,457,cult_other,5,who_then_crp
cd4_high_200,Yoon,24,27,409,578,169,3,24,409,169,3,0.31900826446281,193,605,cult_other,4,who_then_crp
history_tb,Gersh,0,1,52,57,5,1,0,52,5,1,0.0862068965517242,5,58,cult_other,2,who_then_crp
history_tb,Kerkhoff,13,15,61,117,56,2,13,61,56,2,0.522727272727273,69,132,cult_other,11,who_then_crp
history_tb,Reeve,5,5,54,92,38,0,5,54,38,0,0.443298969072165,43,97,cult_other,5,who_then_crp
history_tb,Yoon,5,5,33,49,16,0,5,33,16,0,0.388888888888889,21,54,cult_other,9,who_then_crp
pregnant,Kerkhoff,0,0,11,19,8,0,0,11,8,0,0.421052631578947,8,19,cult_other,0,who_then_crp
pregnant,Yoon,1,1,27,42,15,0,1,27,15,0,0.372093023255814,16,43,cult_other,2,who_then_crp
smoker,Gersh,0,0,10,10,0,0,0,10,0,0,0,0,10,cult_other,0,who_then_crp
smoker,Kerkhoff,15,16,50,103,53,1,15,50,53,1,0.571428571428571,68,119,cult_other,13,who_then_crp
smoker,Reeve,15,23,134,234,100,8,15,134,100,8,0.447470817120623,115,257,cult_other,9,who_then_crp
smoker,Yoon,6,6,28,64,36,0,6,28,36,0,0.6,42,70,cult_other,9,who_then_crp
