ID,author,tp,n1,tn,n2,fp,fn,TP,TN,FP,FN,screen_positive,pos,tot,ref_std,prev_std,test
all,Affolabi,79,118,1986,2687,701,39,79,1986,701,39,0.27807486631016,780,2805,cult_other,4,who
all,Ahmad,45,57,268,554,286,12,45,268,286,12,0.541734860883797,331,611,cult_other,9,who
all,Al Darraji,11,15,36,110,74,4,11,36,74,4,0.68,85,125,cult_other,12,who
all,Balcha,127,137,151,675,524,10,127,151,524,10,0.801724137931035,651,812,cult,17,who
all,Bjerrum,38,40,33,354,321,2,38,33,321,2,0.911167512690355,359,394,cult_other,10,who
all,Gersh,0,8,332,379,47,8,0,332,47,8,0.121447028423773,47,387,cult_other,2,who
all,Hanifa,61,64,17,287,270,3,61,17,270,3,0.943019943019943,331,351,cult_other,18,who
all,Hoffmann,10,35,1152,1369,217,25,10,1152,217,25,0.161680911680912,227,1404,cult_other,2,who
all,Kemper,14,15,40,88,48,1,14,40,48,1,0.601941747572815,62,103,cult_other,15,who
all,Kerkhoff,89,95,65,428,363,6,89,65,363,6,0.864244741873805,452,523,cult_other,18,who
all,Kufa,24,24,60,391,331,0,24,60,331,0,0.855421686746988,355,415,cult,6,who
all,LaCourse,3,8,230,284,54,5,3,230,54,5,0.195205479452055,57,292,cult_other,3,who
all,Mbu,121,131,118,809,691,10,121,118,691,10,0.863829787234043,812,940,cult_other,14,who
all,Modi,57,79,331,640,309,22,57,331,309,22,0.50904033379694,366,719,cult_other,11,who
all,Nguyen,14,28,236,369,133,14,14,236,133,14,0.370277078085642,147,397,cult_other,7,who
all,Rangaka,50,126,1147,1303,156,76,50,1147,156,76,0.144156752974108,206,1429,cult_other,9,who
all,Reeve,73,100,338,707,369,27,73,338,369,27,0.547707558859975,442,807,cult_other,12,who
all,Shapiro,38,42,142,383,241,4,38,142,241,4,0.656470588235294,279,425,cult_other,10,who
all,Swindells,49,56,237,669,432,7,49,237,432,7,0.663448275862069,481,725,cult_other,8,who
all,Thit,27,30,237,433,196,3,27,237,196,3,0.481641468682505,223,463,cult_other,6,who
all,Yoon,233,242,181,1283,1102,9,233,181,1102,9,0.875409836065574,1335,1525,cult_other,16,who
art,Affolabi,20,44,1438,1764,326,24,20,1438,326,24,0.191371681415929,346,1808,cult_other,2,who
art,Ahmad,14,24,220,399,179,10,14,220,179,10,0.456264775413712,193,423,cult_other,6,who
art,Gersh,0,8,328,375,47,8,0,328,47,8,0.122715404699739,47,383,cult_other,2,who
art,Hoffmann,0,0,1,2,1,0,0,1,1,0,0.5,1,2,cult_other,0,who
art,Kufa,8,8,34,202,168,0,8,34,168,0,0.838095238095238,176,210,cult,4,who
art,LaCourse,1,5,130,154,24,4,1,130,24,4,0.157232704402516,25,159,cult_other,3,who
art,Nguyen,8,15,140,215,75,7,8,140,75,7,0.360869565217391,83,230,cult_other,7,who
art,Rangaka,10,42,692,733,41,32,10,692,41,32,0.0658064516129032,51,775,cult_other,5,who
art,Thit,20,23,180,315,135,3,20,180,135,3,0.458579881656805,155,338,cult_other,7,who
noart,Affolabi,59,74,548,923,375,15,59,548,375,15,0.43530591775326,434,997,cult_other,7,who
noart,Ahmad,31,33,48,155,107,2,31,48,107,2,0.734042553191489,138,188,cult_other,18,who
noart,Balcha,127,137,151,675,524,10,127,151,524,10,0.801724137931035,651,812,cult,17,who
noart,Bjerrum,38,40,33,354,321,2,38,33,321,2,0.911167512690355,359,394,cult_other,10,who
noart,Gersh,0,0,1,1,0,0,0,1,0,0,0,0,1,cult_other,0,who
noart,Hanifa,61,64,17,287,270,3,61,17,270,3,0.943019943019943,331,351,cult_other,18,who
noart,Hoffmann,10,35,1151,1367,216,25,10,1151,216,25,0.161198288159772,226,1402,cult_other,2,who
noart,Kemper,14,15,40,88,48,1,14,40,48,1,0.601941747572815,62,103,cult_other,15,who
noart,Kerkhoff,89,95,65,428,363,6,89,65,363,6,0.864244741873805,452,523,cult_other,18,who
noart,Kufa,16,16,26,189,163,0,16,26,163,0,0.873170731707317,179,205,cult,8,who
noart,LaCourse,2,3,100,130,30,1,2,100,30,1,0.240601503759399,32,133,cult_other,2,who
noart,Mbu,121,131,118,809,691,10,121,118,691,10,0.863829787234043,812,940,cult_other,14,who
noart,Modi,57,79,331,640,309,22,57,331,309,22,0.50904033379694,366,719,cult_other,11,who
noart,Nguyen,6,13,96,154,58,7,6,96,58,7,0.383233532934132,64,167,cult_other,8,who
noart,Rangaka,40,84,455,570,115,44,40,455,115,44,0.237003058103976,155,654,cult_other,13,who
noart,Reeve,73,100,338,707,369,27,73,338,369,27,0.547707558859975,442,807,cult_other,12,who
noart,Shapiro,38,42,142,383,241,4,38,142,241,4,0.656470588235294,279,425,cult_other,10,who
noart,Swindells,49,56,237,669,432,7,49,237,432,7,0.663448275862069,481,725,cult_other,8,who
noart,Thit,7,7,57,118,61,0,7,57,61,0,0.544,68,125,cult_other,6,who
noart,Yoon,233,242,181,1283,1102,9,233,181,1102,9,0.875409836065574,1335,1525,cult_other,16,who
cd4_less_200,Affolabi,51,63,356,638,282,12,51,356,282,12,0.475035663338089,333,701,cult_other,9,who
cd4_less_200,Ahmad,23,27,56,154,98,4,23,56,98,4,0.668508287292818,121,181,cult_other,15,who
cd4_less_200,Al Darraji,4,7,9,30,21,3,4,9,21,3,0.675675675675676,25,37,cult_other,19,who
cd4_less_200,Balcha,80,83,54,298,244,3,80,54,244,3,0.850393700787402,324,381,cult,22,who
cd4_less_200,Bjerrum,27,28,11,214,203,1,27,11,203,1,0.950413223140496,230,242,cult_other,12,who
cd4_less_200,Gersh,0,2,38,42,4,2,0,38,4,2,0.0909090909090909,4,44,cult_other,5,who
cd4_less_200,Hanifa,58,60,16,271,255,2,58,16,255,2,0.945619335347432,313,331,cult_other,18,who
cd4_less_200,Hoffmann,5,13,126,166,40,8,5,126,40,8,0.251396648044693,45,179,cult_other,7,who
cd4_less_200,Kemper,11,12,16,53,37,1,11,16,37,1,0.738461538461539,48,65,cult_other,18,who
cd4_less_200,Kerkhoff,62,68,37,264,227,6,62,37,227,6,0.870481927710844,289,332,cult_other,20,who
cd4_less_200,Kufa,20,20,19,174,155,0,20,19,155,0,0.902061855670103,175,194,cult,10,who
cd4_less_200,LaCourse,0,0,16,17,1,0,0,16,1,0,0.0588235294117647,1,17,cult_other,0,who
cd4_less_200,Mbu,79,81,12,263,251,2,79,12,251,2,0.959302325581395,330,344,cult_other,24,who
cd4_less_200,Modi,36,41,38,152,114,5,36,38,114,5,0.77720207253886,150,193,cult_other,21,who
cd4_less_200,Nguyen,7,12,44,75,31,5,7,44,31,5,0.436781609195402,38,87,cult_other,14,who
cd4_less_200,Rangaka,40,92,481,581,100,52,40,481,100,52,0.208023774145617,140,673,cult_other,14,who
cd4_less_200,Reeve,39,46,55,162,107,7,39,55,107,7,0.701923076923077,146,208,cult_other,22,who
cd4_less_200,Shapiro,23,25,23,102,79,2,23,23,79,2,0.803149606299213,102,127,cult_other,20,who
cd4_less_200,Swindells,23,27,46,195,149,4,23,46,149,4,0.774774774774775,172,222,cult_other,12,who
cd4_less_200,Thit,18,18,58,140,82,0,18,58,82,0,0.632911392405063,100,158,cult_other,11,who
cd4_less_200,Yoon,192,194,81,726,645,2,192,81,645,2,0.909782608695652,837,920,cult_other,21,who
cd4_high_200,Affolabi,24,49,1598,1981,383,25,24,1598,383,25,0.200492610837438,407,2030,cult_other,2,who
cd4_high_200,Ahmad,22,30,212,400,188,8,22,212,188,8,0.488372093023256,210,430,cult_other,7,who
cd4_high_200,Al Darraji,7,8,27,80,53,1,7,27,53,1,0.681818181818182,60,88,cult_other,9,who
cd4_high_200,Balcha,47,54,95,372,277,7,47,95,277,7,0.76056338028169,324,426,cult,13,who
cd4_high_200,Bjerrum,10,11,22,133,111,1,10,22,111,1,0.840277777777778,121,144,cult_other,8,who
cd4_high_200,Gersh,0,4,239,269,30,4,0,239,30,4,0.10989010989011,30,273,cult_other,1,who
cd4_high_200,Hanifa,2,3,1,15,14,1,2,1,14,1,0.888888888888889,16,18,cult_other,17,who
cd4_high_200,Hoffmann,5,22,1005,1176,171,17,5,1005,171,17,0.146911519198664,176,1198,cult_other,2,who
cd4_high_200,Kemper,3,3,24,35,11,0,3,24,11,0,0.368421052631579,14,38,cult_other,8,who
cd4_high_200,Kerkhoff,26,26,28,163,135,0,26,28,135,0,0.851851851851852,161,189,cult_other,14,who
cd4_high_200,Kufa,4,4,41,217,176,0,4,41,176,0,0.81447963800905,180,221,cult,2,who
cd4_high_200,LaCourse,3,7,172,218,46,4,3,172,46,4,0.217777777777778,49,225,cult_other,3,who
cd4_high_200,Mbu,42,50,106,546,440,8,42,106,440,8,0.808724832214765,482,596,cult_other,8,who
cd4_high_200,Modi,16,33,267,446,179,17,16,267,179,17,0.407098121085595,195,479,cult_other,7,who
cd4_high_200,Nguyen,7,16,192,294,102,9,7,192,102,9,0.351612903225806,109,310,cult_other,5,who
cd4_high_200,Rangaka,10,34,666,722,56,24,10,666,56,24,0.0873015873015873,66,756,cult_other,4,who
cd4_high_200,Reeve,25,44,244,474,230,19,25,244,230,19,0.492277992277992,255,518,cult_other,8,who
cd4_high_200,Shapiro,13,15,117,269,152,2,13,117,152,2,0.580985915492958,165,284,cult_other,5,who
cd4_high_200,Swindells,26,29,189,472,283,3,26,189,283,3,0.616766467065868,309,501,cult_other,6,who
cd4_high_200,Thit,8,11,179,293,114,3,8,179,114,3,0.401315789473684,122,304,cult_other,4,who
cd4_high_200,Yoon,41,48,100,557,457,7,41,100,457,7,0.823140495867769,498,605,cult_other,8,who
pregnant,Bjerrum,1,1,10,23,13,0,1,10,13,0,0.583333333333333,14,24,cult_other,4,who
pregnant,Hoffmann,10,35,1152,1369,217,25,10,1152,217,25,0.161680911680912,227,1404,cult_other,2,who
pregnant,Kerkhoff,0,0,11,20,9,0,0,11,9,0,0.45,9,20,cult_other,0,who
pregnant,Kufa,1,1,5,10,5,0,1,5,5,0,0.545454545454545,6,11,cult,9,who
pregnant,LaCourse,3,8,230,284,54,5,3,230,54,5,0.195205479452055,57,292,cult_other,3,who
pregnant,Modi,2,7,93,124,31,5,2,93,31,5,0.251908396946565,33,131,cult_other,5,who
pregnant,Swindells,1,1,3,9,6,0,1,3,6,0,0.7,7,10,cult_other,10,who
pregnant,Yoon,2,2,8,41,33,0,2,8,33,0,0.813953488372093,35,43,cult_other,5,who
all,Affolabi,55,117,2153,2652,499,62,55,2153,499,62,0.200072228241242,554,2769,cult_other,4,bmi
all,Ahmad,10,51,483,524,41,41,10,483,41,41,0.088695652173913,51,575,cult_other,9,bmi
all,Al Darraji,2,15,103,110,7,13,2,103,7,13,0.072,9,125,cult_other,12,bmi
all,Balcha,83,134,396,667,271,51,83,396,271,51,0.441947565543071,354,801,cult,17,bmi
all,Bjerrum,25,38,241,352,111,13,25,241,111,13,0.348717948717949,136,390,cult_other,10,bmi
all,Gersh,1,8,331,375,44,7,1,331,44,7,0.117493472584856,45,383,cult_other,2,bmi
all,Hanifa,23,64,210,285,75,41,23,210,75,41,0.28080229226361,98,349,cult_other,18,bmi
all,Kemper,3,15,79,86,7,12,3,79,7,12,0.099009900990099,10,101,cult_other,15,bmi
all,Kerkhoff,15,95,402,427,25,80,15,402,25,80,0.0766283524904215,40,522,cult_other,18,bmi
all,Kufa,6,23,354,380,26,17,6,354,26,17,0.0794044665012407,32,403,cult,6,bmi
all,LaCourse,0,8,274,284,10,8,0,274,10,8,0.0342465753424658,10,292,cult_other,3,bmi
all,Modi,34,75,450,559,109,41,34,450,109,41,0.225552050473186,143,634,cult_other,12,bmi
all,Rangaka,14,126,1276,1303,27,112,14,1276,27,112,0.0286913925822253,41,1429,cult_other,9,bmi
all,Reeve,19,99,645,704,59,80,19,645,59,80,0.0971357409713574,78,803,cult_other,12,bmi
all,Shapiro,9,42,362,383,21,33,9,362,21,33,0.0705882352941176,30,425,cult_other,10,bmi
all,Swindells,12,56,562,663,101,44,12,562,101,44,0.157162726008345,113,719,cult_other,8,bmi
all,Thit,13,30,359,431,72,17,13,359,72,17,0.184381778741866,85,461,cult_other,7,bmi
all,Yoon,102,242,1070,1281,211,140,102,1070,211,140,0.205515430072226,313,1523,cult_other,16,bmi
art,Affolabi,15,44,1482,1750,268,29,15,1482,268,29,0.157748049052397,283,1794,cult_other,2,bmi
art,Ahmad,3,20,356,381,25,17,3,356,25,17,0.0698254364089776,28,401,cult_other,5,bmi
art,Gersh,1,8,327,371,44,7,1,327,44,7,0.118733509234829,45,379,cult_other,2,bmi
art,Kufa,2,8,189,200,11,6,2,189,11,6,0.0625,13,208,cult,4,bmi
art,LaCourse,0,5,149,154,5,5,0,149,5,5,0.0314465408805031,5,159,cult_other,3,bmi
art,Rangaka,2,42,720,733,13,40,2,720,13,40,0.0193548387096774,15,775,cult_other,5,bmi
art,Thit,9,23,266,315,49,14,9,266,49,14,0.171597633136095,58,338,cult_other,7,bmi
noart,Affolabi,40,73,671,902,231,33,40,671,231,33,0.277948717948718,271,975,cult_other,7,bmi
noart,Ahmad,7,31,127,143,16,24,7,127,16,24,0.132183908045977,23,174,cult_other,18,bmi
noart,Balcha,83,134,396,667,271,51,83,396,271,51,0.441947565543071,354,801,cult,17,bmi
noart,Bjerrum,25,38,241,352,111,13,25,241,111,13,0.348717948717949,136,390,cult_other,10,bmi
noart,Gersh,0,0,1,1,0,0,0,1,0,0,0,0,1,cult_other,0,bmi
noart,Hanifa,23,64,210,285,75,41,23,210,75,41,0.28080229226361,98,349,cult_other,18,bmi
noart,Kemper,3,15,79,86,7,12,3,79,7,12,0.099009900990099,10,101,cult_other,15,bmi
noart,Kerkhoff,15,95,402,427,25,80,15,402,25,80,0.0766283524904215,40,522,cult_other,18,bmi
noart,Kufa,4,15,165,180,15,11,4,165,15,11,0.0974358974358974,19,195,cult,8,bmi
noart,LaCourse,0,3,125,130,5,3,0,125,5,3,0.037593984962406,5,133,cult_other,2,bmi
noart,Modi,34,75,450,559,109,41,34,450,109,41,0.225552050473186,143,634,cult_other,12,bmi
noart,Rangaka,12,84,556,570,14,72,12,556,14,72,0.0397553516819572,26,654,cult_other,13,bmi
noart,Reeve,19,99,645,704,59,80,19,645,59,80,0.0971357409713574,78,803,cult_other,12,bmi
noart,Shapiro,9,42,362,383,21,33,9,362,21,33,0.0705882352941176,30,425,cult_other,10,bmi
noart,Swindells,12,56,562,663,101,44,12,562,101,44,0.157162726008345,113,719,cult_other,8,bmi
noart,Thit,4,7,93,116,23,3,4,93,23,3,0.219512195121951,27,123,cult_other,6,bmi
noart,Yoon,102,242,1070,1281,211,140,102,1070,211,140,0.205515430072226,313,1523,cult_other,16,bmi
cd4_less_200,Affolabi,32,62,431,627,196,30,32,431,196,30,0.330914368650218,228,689,cult_other,9,bmi
cd4_less_200,Ahmad,7,23,125,143,18,16,7,125,18,16,0.150602409638554,25,166,cult_other,14,bmi
cd4_less_200,Al Darraji,2,7,28,30,2,5,2,28,2,5,0.108108108108108,4,37,cult_other,19,bmi
cd4_less_200,Balcha,54,81,147,298,151,27,54,147,151,27,0.54089709762533,205,379,cult,21,bmi
cd4_less_200,Bjerrum,19,26,126,213,87,7,19,126,87,7,0.443514644351464,106,239,cult_other,11,bmi
cd4_less_200,Gersh,1,2,35,41,6,1,1,35,6,1,0.162790697674419,7,43,cult_other,5,bmi
cd4_less_200,Hanifa,21,60,201,270,69,39,21,201,69,39,0.272727272727273,90,330,cult_other,18,bmi
cd4_less_200,Kemper,3,12,46,53,7,9,3,46,7,9,0.153846153846154,10,65,cult_other,18,bmi
cd4_less_200,Kerkhoff,12,68,243,264,21,56,12,243,21,56,0.0993975903614458,33,332,cult_other,20,bmi
cd4_less_200,Kufa,6,19,152,169,17,13,6,152,17,13,0.122340425531915,23,188,cult,10,bmi
cd4_less_200,LaCourse,0,0,16,17,1,0,0,16,1,0,0.0588235294117647,1,17,cult_other,0,bmi
cd4_less_200,Modi,22,42,103,141,38,20,22,103,38,20,0.327868852459016,60,183,cult_other,23,bmi
cd4_less_200,Rangaka,12,92,565,581,16,80,12,565,16,80,0.0416047548291233,28,673,cult_other,14,bmi
cd4_less_200,Reeve,9,45,138,161,23,36,9,138,23,36,0.155339805825243,32,206,cult_other,22,bmi
cd4_less_200,Shapiro,6,25,93,102,9,19,6,93,9,19,0.118110236220472,15,127,cult_other,20,bmi
cd4_less_200,Swindells,7,27,145,192,47,20,7,145,47,20,0.246575342465753,54,219,cult_other,12,bmi
cd4_less_200,Thit,7,18,111,140,29,11,7,111,29,11,0.227848101265823,36,158,cult_other,11,bmi
cd4_less_200,Yoon,89,194,562,724,162,105,89,562,162,105,0.273420479302832,251,918,cult_other,21,bmi
cd4_high_200,Affolabi,18,49,1673,1961,288,31,18,1673,288,31,0.152238805970149,306,2010,cult_other,2,bmi
cd4_high_200,Ahmad,3,28,358,381,23,25,3,358,23,25,0.0635696821515893,26,409,cult_other,7,bmi
cd4_high_200,Al Darraji,0,8,75,80,5,8,0,75,5,8,0.0568181818181818,5,88,cult_other,9,bmi
cd4_high_200,Balcha,29,53,247,364,117,24,29,247,117,24,0.350119904076739,146,417,cult,13,bmi
cd4_high_200,Bjerrum,5,11,110,132,22,6,5,110,22,6,0.188811188811189,27,143,cult_other,8,bmi
cd4_high_200,Gersh,0,4,237,267,30,4,0,237,30,4,0.11070110701107,30,271,cult_other,1,bmi
cd4_high_200,Hanifa,1,3,8,14,6,2,1,8,6,2,0.411764705882353,7,17,cult_other,18,bmi
cd4_high_200,Kemper,0,3,33,33,0,3,0,33,0,3,0,0,36,cult_other,8,bmi
cd4_high_200,Kerkhoff,3,26,158,162,4,23,3,158,4,23,0.0372340425531915,7,188,cult_other,14,bmi
cd4_high_200,Kufa,0,4,202,211,9,4,0,202,9,4,0.0418604651162791,9,215,cult,2,bmi
cd4_high_200,LaCourse,0,7,211,218,7,7,0,211,7,7,0.0311111111111111,7,225,cult_other,3,bmi
cd4_high_200,Modi,9,28,328,389,61,19,9,328,61,19,0.167865707434053,70,417,cult_other,7,bmi
cd4_high_200,Rangaka,2,34,711,722,11,32,2,711,11,32,0.0171957671957672,13,756,cult_other,4,bmi
cd4_high_200,Reeve,8,44,445,472,27,36,8,445,27,36,0.0678294573643411,35,516,cult_other,9,bmi
cd4_high_200,Shapiro,3,15,258,269,11,12,3,258,11,12,0.0492957746478873,14,284,cult_other,5,bmi
cd4_high_200,Swindells,5,29,414,468,54,24,5,414,54,24,0.118712273641851,59,497,cult_other,6,bmi
cd4_high_200,Thit,5,11,248,291,43,6,5,248,43,6,0.158940397350993,48,302,cult_other,4,bmi
cd4_high_200,Yoon,13,48,508,557,49,35,13,508,49,35,0.102479338842975,62,605,cult_other,8,bmi
pregnant,Bjerrum,0,1,21,22,1,1,0,21,1,1,0.0434782608695652,1,23,cult_other,4,bmi
pregnant,Kerkhoff,0,0,20,20,0,0,0,20,0,0,0,0,20,cult_other,0,bmi
pregnant,Kufa,0,1,9,9,0,1,0,9,0,1,0,0,10,cult,10,bmi
pregnant,LaCourse,0,8,274,284,10,8,0,274,10,8,0.0342465753424658,10,292,cult_other,3,bmi
pregnant,Modi,0,3,70,71,1,3,0,70,1,3,0.0135135135135135,1,74,cult_other,4,bmi
pregnant,Swindells,0,1,7,9,2,1,0,7,2,1,0.2,2,10,cult_other,10,bmi
pregnant,Yoon,2,2,39,41,2,0,2,39,2,0,0.0930232558139535,4,43,cult_other,5,bmi
all,Al Darraji,1,15,97,110,13,14,1,97,13,14,0.112,14,125,cult_other,12,cough_2w
all,Bjerrum,25,40,249,354,105,15,25,249,105,15,0.32994923857868,130,394,cult_other,10,cough_2w
all,Gersh,0,8,371,379,8,8,0,371,8,8,0.020671834625323,8,387,cult_other,2,cough_2w
all,Hanifa,33,64,217,287,70,31,33,217,70,31,0.293447293447293,103,351,cult_other,18,cough_2w
all,Hoffmann,7,35,1322,1369,47,28,7,1322,47,28,0.0384615384615385,54,1404,cult_other,2,cough_2w
all,Kemper,9,15,69,88,19,6,9,69,19,6,0.271844660194175,28,103,cult_other,15,cough_2w
all,Kerkhoff,23,95,344,428,84,72,23,344,84,72,0.204588910133843,107,523,cult_other,18,cough_2w
all,Kufa,18,24,239,372,133,6,18,239,133,6,0.381313131313131,151,396,cult,6,cough_2w
all,LaCourse,2,8,272,284,12,6,2,272,12,6,0.0479452054794521,14,292,cult_other,3,cough_2w
all,Mbu,49,131,630,809,179,82,49,630,179,82,0.242553191489362,228,940,cult_other,14,cough_2w
all,Modi,32,78,515,621,106,46,32,515,106,46,0.197424892703863,138,699,cult_other,11,cough_2w
all,Nguyen,10,28,274,369,95,18,10,274,95,18,0.26448362720403,105,397,cult_other,7,cough_2w
all,Rangaka,26,126,1247,1303,56,100,26,1247,56,100,0.0573827851644507,82,1429,cult_other,9,cough_2w
all,Reeve,42,100,583,707,124,58,42,583,124,58,0.205700123915737,166,807,cult_other,12,cough_2w
all,Shapiro,28,42,280,381,101,14,28,280,101,14,0.304964539007092,129,423,cult_other,10,cough_2w
all,Swindells,34,56,473,668,195,22,34,473,195,22,0.316298342541436,229,724,cult_other,8,cough_2w
all,Yoon,131,242,895,1283,388,111,131,895,388,111,0.340327868852459,519,1525,cult_other,16,cough_2w
art,Gersh,0,8,367,375,8,8,0,367,8,8,0.02088772845953,8,383,cult_other,2,cough_2w
art,Hoffmann,0,0,2,2,0,0,0,2,0,0,0,0,2,cult_other,0,cough_2w
art,Kufa,7,8,120,189,69,1,7,120,69,1,0.385786802030457,76,197,cult,4,cough_2w
art,LaCourse,1,5,147,154,7,4,1,147,7,4,0.050314465408805,8,159,cult_other,3,cough_2w
art,Nguyen,6,15,159,215,56,9,6,159,56,9,0.269565217391304,62,230,cult_other,7,cough_2w
art,Rangaka,2,42,722,733,11,40,2,722,11,40,0.0167741935483871,13,775,cult_other,5,cough_2w
noart,Bjerrum,25,40,249,354,105,15,25,249,105,15,0.32994923857868,130,394,cult_other,10,cough_2w
noart,Gersh,0,0,1,1,0,0,0,1,0,0,0,0,1,cult_other,0,cough_2w
noart,Hanifa,33,64,217,287,70,31,33,217,70,31,0.293447293447293,103,351,cult_other,18,cough_2w
noart,Hoffmann,7,35,1320,1367,47,28,7,1320,47,28,0.0385164051355207,54,1402,cult_other,2,cough_2w
noart,Kemper,9,15,69,88,19,6,9,69,19,6,0.271844660194175,28,103,cult_other,15,cough_2w
noart,Kerkhoff,23,95,344,428,84,72,23,344,84,72,0.204588910133843,107,523,cult_other,18,cough_2w
noart,Kufa,11,16,119,183,64,5,11,119,64,5,0.376884422110553,75,199,cult,8,cough_2w
noart,LaCourse,1,3,125,130,5,2,1,125,5,2,0.0451127819548872,6,133,cult_other,2,cough_2w
noart,Mbu,49,131,630,809,179,82,49,630,179,82,0.242553191489362,228,940,cult_other,14,cough_2w
noart,Modi,32,78,515,621,106,46,32,515,106,46,0.197424892703863,138,699,cult_other,11,cough_2w
noart,Nguyen,4,13,115,154,39,9,4,115,39,9,0.25748502994012,43,167,cult_other,8,cough_2w
noart,Rangaka,24,84,525,570,45,60,24,525,45,60,0.105504587155963,69,654,cult_other,13,cough_2w
noart,Reeve,42,100,583,707,124,58,42,583,124,58,0.205700123915737,166,807,cult_other,12,cough_2w
noart,Shapiro,28,42,280,381,101,14,28,280,101,14,0.304964539007092,129,423,cult_other,10,cough_2w
noart,Swindells,34,56,473,668,195,22,34,473,195,22,0.316298342541436,229,724,cult_other,8,cough_2w
noart,Yoon,131,242,895,1283,388,111,131,895,388,111,0.340327868852459,519,1525,cult_other,16,cough_2w
cd4_less_200,Al Darraji,1,7,25,30,5,6,1,25,5,6,0.162162162162162,6,37,cult_other,19,cough_2w
cd4_less_200,Bjerrum,16,28,144,214,70,12,16,144,70,12,0.355371900826446,86,242,cult_other,12,cough_2w
cd4_less_200,Gersh,0,2,41,42,1,2,0,41,1,2,0.0227272727272727,1,44,cult_other,5,cough_2w
cd4_less_200,Hanifa,31,60,208,271,63,29,31,208,63,29,0.283987915407855,94,331,cult_other,18,cough_2w
cd4_less_200,Hoffmann,4,13,156,166,10,9,4,156,10,9,0.0782122905027933,14,179,cult_other,7,cough_2w
cd4_less_200,Kemper,6,12,40,53,13,6,6,40,13,6,0.292307692307692,19,65,cult_other,18,cough_2w
cd4_less_200,Kerkhoff,19,68,208,264,56,49,19,208,56,49,0.225903614457831,75,332,cult_other,20,cough_2w
cd4_less_200,Kufa,16,20,106,169,63,4,16,106,63,4,0.417989417989418,79,189,cult,11,cough_2w
cd4_less_200,LaCourse,0,0,17,17,0,0,0,17,0,0,0,0,17,cult_other,0,cough_2w
cd4_less_200,Mbu,31,81,176,263,87,50,31,176,87,50,0.343023255813954,118,344,cult_other,24,cough_2w
cd4_less_200,Modi,18,41,105,145,40,23,18,105,40,23,0.311827956989247,58,186,cult_other,22,cough_2w
cd4_less_200,Nguyen,6,12,51,75,24,6,6,51,24,6,0.344827586206897,30,87,cult_other,14,cough_2w
cd4_less_200,Rangaka,23,92,541,581,40,69,23,541,40,69,0.0936106983655275,63,673,cult_other,14,cough_2w
cd4_less_200,Reeve,22,46,120,162,42,24,22,120,42,24,0.307692307692308,64,208,cult_other,22,cough_2w
cd4_less_200,Shapiro,14,25,63,102,39,11,14,63,39,11,0.417322834645669,53,127,cult_other,20,cough_2w
cd4_less_200,Swindells,17,27,108,195,87,10,17,108,87,10,0.468468468468469,104,222,cult_other,12,cough_2w
cd4_less_200,Yoon,106,194,465,726,261,88,106,465,261,88,0.398913043478261,367,920,cult_other,21,cough_2w
cd4_high_200,Al Darraji,0,8,72,80,8,8,0,72,8,8,0.0909090909090909,8,88,cult_other,9,cough_2w
cd4_high_200,Bjerrum,8,11,101,133,32,3,8,101,32,3,0.277777777777778,40,144,cult_other,8,cough_2w
cd4_high_200,Gersh,0,4,264,269,5,4,0,264,5,4,0.0183150183150183,5,273,cult_other,1,cough_2w
cd4_high_200,Hanifa,1,3,8,15,7,2,1,8,7,2,0.444444444444444,8,18,cult_other,17,cough_2w
cd4_high_200,Hoffmann,3,22,1139,1176,37,19,3,1139,37,19,0.0333889816360601,40,1198,cult_other,2,cough_2w
cd4_high_200,Kemper,3,3,29,35,6,0,3,29,6,0,0.236842105263158,9,38,cult_other,8,cough_2w
cd4_high_200,Kerkhoff,4,26,136,163,27,22,4,136,27,22,0.164021164021164,31,189,cult_other,14,cough_2w
cd4_high_200,Kufa,2,4,133,203,70,2,2,133,70,2,0.347826086956522,72,207,cult,2,cough_2w
cd4_high_200,LaCourse,2,7,207,218,11,5,2,207,11,5,0.0577777777777778,13,225,cult_other,3,cough_2w
cd4_high_200,Mbu,18,50,454,546,92,32,18,454,92,32,0.184563758389262,110,596,cult_other,8,cough_2w
cd4_high_200,Modi,11,32,373,437,64,21,11,373,64,21,0.159914712153518,75,469,cult_other,7,cough_2w
cd4_high_200,Nguyen,4,16,223,294,71,12,4,223,71,12,0.241935483870968,75,310,cult_other,5,cough_2w
cd4_high_200,Rangaka,3,34,706,722,16,31,3,706,16,31,0.0251322751322751,19,756,cult_other,4,cough_2w
cd4_high_200,Reeve,16,44,404,474,70,28,16,404,70,28,0.166023166023166,86,518,cult_other,8,cough_2w
cd4_high_200,Shapiro,12,15,211,267,56,3,12,211,56,3,0.24113475177305,68,282,cult_other,5,cough_2w
cd4_high_200,Swindells,17,29,363,471,108,12,17,363,108,12,0.25,125,500,cult_other,6,cough_2w
cd4_high_200,Yoon,25,48,430,557,127,23,25,430,127,23,0.251239669421488,152,605,cult_other,8,cough_2w
pregnant,Bjerrum,1,1,21,23,2,0,1,21,2,0,0.125,3,24,cult_other,4,cough_2w
pregnant,Hoffmann,7,35,1322,1369,47,28,7,1322,47,28,0.0384615384615385,54,1404,cult_other,2,cough_2w
pregnant,Kerkhoff,0,0,18,20,2,0,0,18,2,0,0.1,2,20,cult_other,0,cough_2w
pregnant,Kufa,1,1,7,9,2,0,1,7,2,0,0.3,3,10,cult,10,cough_2w
pregnant,LaCourse,2,8,272,284,12,6,2,272,12,6,0.0479452054794521,14,292,cult_other,3,cough_2w
pregnant,Modi,1,7,115,123,8,6,1,115,8,6,0.0692307692307692,9,130,cult_other,5,cough_2w
pregnant,Swindells,1,1,7,9,2,0,1,7,2,0,0.3,3,10,cult_other,10,cough_2w
pregnant,Yoon,1,2,34,41,7,1,1,34,7,1,0.186046511627907,8,43,cult_other,5,cough_2w
all,Affolabi,65,118,2185,2687,502,53,65,2185,502,53,0.202139037433155,567,2805,cult_other,4,cough
all,Ahmad,37,57,368,554,186,20,37,368,186,20,0.364975450081833,223,611,cult_other,9,cough
all,Al Darraji,8,15,56,110,54,7,8,56,54,7,0.496,62,125,cult_other,12,cough
all,Balcha,85,137,433,674,241,52,85,433,241,52,0.401972872996301,326,811,cult,17,cough
all,Bjerrum,28,40,210,354,144,12,28,210,144,12,0.436548223350254,172,394,cult_other,10,cough
all,Gersh,0,8,343,379,36,8,0,343,36,8,0.0930232558139535,36,387,cult_other,2,cough
all,Hanifa,43,64,169,287,118,21,43,169,118,21,0.458689458689459,161,351,cult_other,18,cough
all,Hoffmann,8,35,1267,1369,102,27,8,1267,102,27,0.0783475783475783,110,1404,cult_other,2,cough
all,Kemper,9,15,68,88,20,6,9,68,20,6,0.281553398058252,29,103,cult_other,15,cough
all,Kerkhoff,62,95,230,428,198,33,62,230,198,33,0.497131931166348,260,523,cult_other,18,cough
all,Kufa,20,24,210,391,181,4,20,210,181,4,0.48433734939759,201,415,cult,6,cough
all,LaCourse,2,8,242,284,42,6,2,242,42,6,0.150684931506849,44,292,cult_other,3,cough
all,Mbu,88,131,449,809,360,43,88,449,360,43,0.476595744680851,448,940,cult_other,14,cough
all,Modi,32,75,480,619,139,43,32,480,139,43,0.246397694524496,171,694,cult_other,11,cough
all,Nguyen,10,28,274,369,95,18,10,274,95,18,0.26448362720403,105,397,cult_other,7,cough
all,Rangaka,31,126,1209,1303,94,95,31,1209,94,95,0.0874737578726382,125,1429,cult_other,9,cough
all,Reeve,50,100,508,707,199,50,50,508,199,50,0.308550185873606,249,807,cult_other,12,cough
all,Shapiro,32,42,224,383,159,10,32,224,159,10,0.449411764705882,191,425,cult_other,10,cough
all,Swindells,42,56,398,667,269,14,42,398,269,14,0.43015214384509,311,723,cult_other,8,cough
all,Thit,19,30,377,432,55,11,19,377,55,11,0.16017316017316,74,462,cult_other,6,cough
all,Yoon,176,242,695,1283,588,66,176,695,588,66,0.500983606557377,764,1525,cult_other,16,cough
art,Affolabi,18,44,1505,1764,259,26,18,1505,259,26,0.15320796460177,277,1808,cult_other,2,cough
art,Ahmad,12,24,279,399,120,12,12,279,120,12,0.312056737588653,132,423,cult_other,6,cough
art,Gersh,0,8,339,375,36,8,0,339,36,8,0.0939947780678851,36,383,cult_other,2,cough
art,Hoffmann,0,0,1,2,1,0,0,1,1,0,0.5,1,2,cult_other,0,cough
art,Kufa,8,8,107,202,95,0,8,107,95,0,0.49047619047619,103,210,cult,4,cough
art,LaCourse,1,5,135,154,19,4,1,135,19,4,0.125786163522013,20,159,cult_other,3,cough
art,Nguyen,6,15,159,215,56,9,6,159,56,9,0.269565217391304,62,230,cult_other,7,cough
art,Rangaka,5,42,701,733,32,37,5,701,32,37,0.047741935483871,37,775,cult_other,5,cough
art,Thit,12,23,284,315,31,11,12,284,31,11,0.127218934911243,43,338,cult_other,7,cough
noart,Affolabi,47,74,680,923,243,27,47,680,243,27,0.290872617853561,290,997,cult_other,7,cough
noart,Ahmad,25,33,89,155,66,8,25,89,66,8,0.484042553191489,91,188,cult_other,18,cough
noart,Balcha,85,137,433,674,241,52,85,433,241,52,0.401972872996301,326,811,cult,17,cough
noart,Bjerrum,28,40,210,354,144,12,28,210,144,12,0.436548223350254,172,394,cult_other,10,cough
noart,Gersh,0,0,1,1,0,0,0,1,0,0,0,0,1,cult_other,0,cough
noart,Hanifa,43,64,169,287,118,21,43,169,118,21,0.458689458689459,161,351,cult_other,18,cough
noart,Hoffmann,8,35,1266,1367,101,27,8,1266,101,27,0.0777460770328103,109,1402,cult_other,2,cough
noart,Kemper,9,15,68,88,20,6,9,68,20,6,0.281553398058252,29,103,cult_other,15,cough
noart,Kerkhoff,62,95,230,428,198,33,62,230,198,33,0.497131931166348,260,523,cult_other,18,cough
noart,Kufa,12,16,103,189,86,4,12,103,86,4,0.478048780487805,98,205,cult,8,cough
noart,LaCourse,1,3,107,130,23,2,1,107,23,2,0.180451127819549,24,133,cult_other,2,cough
noart,Mbu,88,131,449,809,360,43,88,449,360,43,0.476595744680851,448,940,cult_other,14,cough
noart,Modi,32,75,480,619,139,43,32,480,139,43,0.246397694524496,171,694,cult_other,11,cough
noart,Nguyen,4,13,115,154,39,9,4,115,39,9,0.25748502994012,43,167,cult_other,8,cough
noart,Rangaka,26,84,508,570,62,58,26,508,62,58,0.134556574923547,88,654,cult_other,13,cough
noart,Reeve,50,100,508,707,199,50,50,508,199,50,0.308550185873606,249,807,cult_other,12,cough
noart,Shapiro,32,42,224,383,159,10,32,224,159,10,0.449411764705882,191,425,cult_other,10,cough
noart,Swindells,42,56,398,667,269,14,42,398,269,14,0.43015214384509,311,723,cult_other,8,cough
noart,Thit,7,7,93,117,24,0,7,93,24,0,0.25,31,124,cult_other,6,cough
noart,Yoon,176,242,695,1283,588,66,176,695,588,66,0.500983606557377,764,1525,cult_other,16,cough
cd4_less_200,Affolabi,42,63,445,638,193,21,42,445,193,21,0.335235378031384,235,701,cult_other,9,cough
cd4_less_200,Ahmad,18,27,94,154,60,9,18,94,60,9,0.430939226519337,78,181,cult_other,15,cough
cd4_less_200,Al Darraji,3,7,18,30,12,4,3,18,12,4,0.405405405405405,15,37,cult_other,19,cough
cd4_less_200,Balcha,54,83,174,297,123,29,54,174,123,29,0.465789473684211,177,380,cult,22,cough
cd4_less_200,Bjerrum,19,28,122,214,92,9,19,122,92,9,0.458677685950413,111,242,cult_other,12,cough
cd4_less_200,Gersh,0,2,38,42,4,2,0,38,4,2,0.0909090909090909,4,44,cult_other,5,cough
cd4_less_200,Hanifa,41,60,162,271,109,19,41,162,109,19,0.453172205438067,150,331,cult_other,18,cough
cd4_less_200,Hoffmann,4,13,146,166,20,9,4,146,20,9,0.134078212290503,24,179,cult_other,7,cough
cd4_less_200,Kemper,6,12,40,53,13,6,6,40,13,6,0.292307692307692,19,65,cult_other,18,cough
cd4_less_200,Kerkhoff,46,68,141,264,123,22,46,141,123,22,0.509036144578313,169,332,cult_other,20,cough
cd4_less_200,Kufa,17,20,91,174,83,3,17,91,83,3,0.515463917525773,100,194,cult,10,cough
cd4_less_200,LaCourse,0,0,16,17,1,0,0,16,1,0,0.0588235294117647,1,17,cult_other,0,cough
cd4_less_200,Mbu,59,81,107,263,156,22,59,107,156,22,0.625,215,344,cult_other,24,cough
cd4_less_200,Modi,18,41,95,143,48,23,18,95,48,23,0.358695652173913,66,184,cult_other,22,cough
cd4_less_200,Nguyen,6,12,51,75,24,6,6,51,24,6,0.344827586206897,30,87,cult_other,14,cough
cd4_less_200,Rangaka,25,92,526,581,55,67,25,526,55,67,0.118870728083209,80,673,cult_other,14,cough
cd4_less_200,Reeve,28,46,92,162,70,18,28,92,70,18,0.471153846153846,98,208,cult_other,22,cough
cd4_less_200,Shapiro,17,25,42,102,60,8,17,42,60,8,0.606299212598425,77,127,cult_other,20,cough
cd4_less_200,Swindells,18,27,93,195,102,9,18,93,102,9,0.540540540540541,120,222,cult_other,12,cough
cd4_less_200,Thit,14,18,111,140,29,4,14,111,29,4,0.272151898734177,43,158,cult_other,11,cough
cd4_less_200,Yoon,145,194,350,726,376,49,145,350,376,49,0.566304347826087,521,920,cult_other,21,cough
cd4_high_200,Affolabi,21,49,1697,1981,284,28,21,1697,284,28,0.150246305418719,305,2030,cult_other,2,cough
cd4_high_200,Ahmad,19,30,274,400,126,11,19,274,126,11,0.337209302325581,145,430,cult_other,7,cough
cd4_high_200,Al Darraji,5,8,38,80,42,3,5,38,42,3,0.534090909090909,47,88,cult_other,9,cough
cd4_high_200,Balcha,31,54,254,372,118,23,31,254,118,23,0.349765258215962,149,426,cult,13,cough
cd4_high_200,Bjerrum,8,11,85,133,48,3,8,85,48,3,0.388888888888889,56,144,cult_other,8,cough
cd4_high_200,Gersh,0,4,247,269,22,4,0,247,22,4,0.0805860805860806,22,273,cult_other,1,cough
cd4_high_200,Hanifa,1,3,7,15,8,2,1,7,8,2,0.5,9,18,cult_other,17,cough
cd4_high_200,Hoffmann,4,22,1097,1176,79,18,4,1097,79,18,0.0692821368948247,83,1198,cult_other,2,cough
cd4_high_200,Kemper,3,3,28,35,7,0,3,28,7,0,0.263157894736842,10,38,cult_other,8,cough
cd4_high_200,Kerkhoff,16,26,89,163,74,10,16,89,74,10,0.476190476190476,90,189,cult_other,14,cough
cd4_high_200,Kufa,3,4,119,217,98,1,3,119,98,1,0.457013574660634,101,221,cult,2,cough
cd4_high_200,LaCourse,2,7,183,218,35,5,2,183,35,5,0.164444444444444,37,225,cult_other,3,cough
cd4_high_200,Mbu,29,50,342,546,204,21,29,342,204,21,0.390939597315436,233,596,cult_other,8,cough
cd4_high_200,Modi,11,29,351,436,85,18,11,351,85,18,0.206451612903226,96,465,cult_other,6,cough
cd4_high_200,Nguyen,4,16,223,294,71,12,4,223,71,12,0.241935483870968,75,310,cult_other,5,cough
cd4_high_200,Rangaka,6,34,683,722,39,28,6,683,39,28,0.0595238095238095,45,756,cult_other,4,cough
cd4_high_200,Reeve,18,44,363,474,111,26,18,363,111,26,0.249034749034749,129,518,cult_other,8,cough
cd4_high_200,Shapiro,13,15,177,269,92,2,13,177,92,2,0.369718309859155,105,284,cult_other,5,cough
cd4_high_200,Swindells,24,29,303,470,167,5,24,303,167,5,0.382765531062124,191,499,cult_other,6,cough
cd4_high_200,Thit,4,11,266,292,26,7,4,266,26,7,0.099009900990099,30,303,cult_other,4,cough
cd4_high_200,Yoon,31,48,345,557,212,17,31,345,212,17,0.401652892561983,243,605,cult_other,8,cough
pregnant,Bjerrum,1,1,19,23,4,0,1,19,4,0,0.208333333333333,5,24,cult_other,4,cough
pregnant,Hoffmann,8,35,1267,1369,102,27,8,1267,102,27,0.0783475783475783,110,1404,cult_other,2,cough
pregnant,Kerkhoff,0,0,14,20,6,0,0,14,6,0,0.3,6,20,cult_other,0,cough
pregnant,Kufa,1,1,7,10,3,0,1,7,3,0,0.363636363636364,4,11,cult,9,cough
pregnant,LaCourse,2,8,242,284,42,6,2,242,42,6,0.150684931506849,44,292,cult_other,3,cough
pregnant,Modi,2,7,110,122,12,5,2,110,12,5,0.108527131782946,14,129,cult_other,5,cough
pregnant,Swindells,1,1,5,9,4,0,1,5,4,0,0.5,5,10,cult_other,10,cough
pregnant,Yoon,2,2,27,41,14,0,2,27,14,0,0.372093023255814,16,43,cult_other,5,cough
all,Gersh,1,8,339,377,38,7,1,339,38,7,0.101298701298701,39,385,cult_other,2,crp_10
all,Kerkhoff,80,92,239,410,171,12,80,239,171,12,0.5,251,502,cult_other,18,crp_10
all,Reeve,72,96,418,649,231,24,72,418,231,24,0.406711409395973,303,745,cult_other,13,crp_10
all,Shapiro,33,42,276,383,107,9,33,276,107,9,0.329411764705882,140,425,cult_other,10,crp_10
all,Yoon,201,242,958,1283,325,41,201,958,325,41,0.344918032786885,526,1525,cult_other,16,crp_10
art,Gersh,1,8,337,373,36,7,1,337,36,7,0.0971128608923885,37,381,cult_other,2,crp_10
noart,Gersh,0,0,0,1,1,0,0,0,1,0,1,1,1,cult_other,0,crp_10
noart,Kerkhoff,80,92,239,410,171,12,80,239,171,12,0.5,251,502,cult_other,18,crp_10
noart,Reeve,72,96,418,649,231,24,72,418,231,24,0.406711409395973,303,745,cult_other,13,crp_10
noart,Shapiro,33,42,276,383,107,9,33,276,107,9,0.329411764705882,140,425,cult_other,10,crp_10
noart,Yoon,201,242,958,1283,325,41,201,958,325,41,0.344918032786885,526,1525,cult_other,16,crp_10
cd4_less_200,Gersh,0,2,34,41,7,2,0,34,7,2,0.162790697674419,7,43,cult_other,5,crp_10
cd4_less_200,Kerkhoff,59,66,142,252,110,7,59,142,110,7,0.531446540880503,169,318,cult_other,21,crp_10
cd4_less_200,Reeve,40,44,72,145,73,4,40,72,73,4,0.597883597883598,113,189,cult_other,23,crp_10
cd4_less_200,Shapiro,22,25,52,102,50,3,22,52,50,3,0.566929133858268,72,127,cult_other,20,crp_10
cd4_less_200,Yoon,168,194,507,726,219,26,168,507,219,26,0.420652173913043,387,920,cult_other,21,crp_10
cd4_high_200,Gersh,1,4,249,269,20,3,1,249,20,3,0.0769230769230769,21,273,cult_other,1,crp_10
cd4_high_200,Kerkhoff,21,26,97,157,60,5,21,97,60,5,0.442622950819672,81,183,cult_other,14,crp_10
cd4_high_200,Reeve,23,42,311,442,131,19,23,311,131,19,0.318181818181818,154,484,cult_other,9,crp_10
cd4_high_200,Shapiro,9,15,217,269,52,6,9,217,52,6,0.214788732394366,61,284,cult_other,5,crp_10
cd4_high_200,Yoon,33,48,451,557,106,15,33,451,106,15,0.229752066115702,139,605,cult_other,8,crp_10
pregnant,Kerkhoff,0,0,6,19,13,0,0,6,13,0,0.68421052631579,13,19,cult_other,0,crp_10
pregnant,Yoon,2,2,30,41,11,0,2,30,11,0,0.302325581395349,13,43,cult_other,5,crp_10
all,Gersh,2,8,334,377,43,6,2,334,43,6,0.116883116883117,45,385,cult_other,2,crp_8
all,Kerkhoff,82,92,224,410,186,10,82,224,186,10,0.533864541832669,268,502,cult_other,18,crp_8
all,Reeve,75,96,386,649,263,21,75,386,263,21,0.453691275167785,338,745,cult_other,13,crp_8
all,Shapiro,33,42,263,383,120,9,33,263,120,9,0.36,153,425,cult_other,10,crp_8
all,Yoon,208,242,921,1283,362,34,208,921,362,34,0.373770491803279,570,1525,cult_other,16,crp_8
art,Gersh,2,8,332,373,41,6,2,332,41,6,0.112860892388451,43,381,cult_other,2,crp_8
noart,Gersh,0,0,0,1,1,0,0,0,1,0,1,1,1,cult_other,0,crp_8
noart,Kerkhoff,82,92,224,410,186,10,82,224,186,10,0.533864541832669,268,502,cult_other,18,crp_8
noart,Reeve,75,96,386,649,263,21,75,386,263,21,0.453691275167785,338,745,cult_other,13,crp_8
noart,Shapiro,33,42,263,383,120,9,33,263,120,9,0.36,153,425,cult_other,10,crp_8
noart,Yoon,208,242,921,1283,362,34,208,921,362,34,0.373770491803279,570,1525,cult_other,16,crp_8
cd4_less_200,Gersh,1,2,34,41,7,1,1,34,7,1,0.186046511627907,8,43,cult_other,5,crp_8
cd4_less_200,Kerkhoff,60,66,133,252,119,6,60,133,119,6,0.562893081761006,179,318,cult_other,21,crp_8
cd4_less_200,Reeve,41,44,63,145,82,3,41,63,82,3,0.650793650793651,123,189,cult_other,23,crp_8
cd4_less_200,Shapiro,22,25,48,102,54,3,22,48,54,3,0.598425196850394,76,127,cult_other,20,crp_8
cd4_less_200,Yoon,174,194,484,726,242,20,174,484,242,20,0.452173913043478,416,920,cult_other,21,crp_8
cd4_high_200,Gersh,1,4,244,269,25,3,1,244,25,3,0.0952380952380952,26,273,cult_other,1,crp_8
cd4_high_200,Kerkhoff,22,26,91,157,66,4,22,91,66,4,0.480874316939891,88,183,cult_other,14,crp_8
cd4_high_200,Reeve,25,42,290,442,152,17,25,290,152,17,0.365702479338843,177,484,cult_other,9,crp_8
cd4_high_200,Shapiro,9,15,208,269,61,6,9,208,61,6,0.246478873239437,70,284,cult_other,5,crp_8
cd4_high_200,Yoon,34,48,437,557,120,14,34,437,120,14,0.254545454545455,154,605,cult_other,8,crp_8
pregnant,Kerkhoff,0,0,5,19,14,0,0,5,14,0,0.736842105263158,14,19,cult_other,0,crp_8
pregnant,Yoon,2,2,29,41,12,0,2,29,12,0,0.325581395348837,14,43,cult_other,5,crp_8
all,Gersh,3,8,300,377,77,5,3,300,77,5,0.207792207792208,80,385,cult_other,2,crp_5
all,Kerkhoff,84,92,182,410,228,8,84,182,228,8,0.621513944223108,312,502,cult_other,18,crp_5
all,Reeve,82,96,319,649,330,14,82,319,330,14,0.553020134228188,412,745,cult_other,13,crp_5
all,Shapiro,38,42,221,383,162,4,38,221,162,4,0.470588235294118,200,425,cult_other,10,crp_5
all,Yoon,214,242,813,1283,470,28,214,813,470,28,0.448524590163934,684,1525,cult_other,16,crp_5
art,Gersh,3,8,298,373,75,5,3,298,75,5,0.204724409448819,78,381,cult_other,2,crp_5
noart,Gersh,0,0,0,1,1,0,0,0,1,0,1,1,1,cult_other,0,crp_5
noart,Kerkhoff,84,92,182,410,228,8,84,182,228,8,0.621513944223108,312,502,cult_other,18,crp_5
noart,Reeve,82,96,319,649,330,14,82,319,330,14,0.553020134228188,412,745,cult_other,13,crp_5
noart,Shapiro,38,42,221,383,162,4,38,221,162,4,0.470588235294118,200,425,cult_other,10,crp_5
noart,Yoon,214,242,813,1283,470,28,214,813,470,28,0.448524590163934,684,1525,cult_other,16,crp_5
cd4_less_200,Gersh,1,2,31,41,10,1,1,31,10,1,0.255813953488372,11,43,cult_other,5,crp_5
cd4_less_200,Kerkhoff,60,66,106,252,146,6,60,106,146,6,0.647798742138365,206,318,cult_other,21,crp_5
cd4_less_200,Reeve,41,44,43,145,102,3,41,43,102,3,0.756613756613757,143,189,cult_other,23,crp_5
cd4_less_200,Shapiro,24,25,38,102,64,1,24,38,64,1,0.692913385826772,88,127,cult_other,20,crp_5
cd4_less_200,Yoon,178,194,428,726,298,16,178,428,298,16,0.517391304347826,476,920,cult_other,21,crp_5
cd4_high_200,Gersh,1,4,220,269,49,3,1,220,49,3,0.183150183150183,50,273,cult_other,1,crp_5
cd4_high_200,Kerkhoff,24,26,76,157,81,2,24,76,81,2,0.573770491803279,105,183,cult_other,14,crp_5
cd4_high_200,Reeve,32,42,249,442,193,10,32,249,193,10,0.464876033057851,225,484,cult_other,9,crp_5
cd4_high_200,Shapiro,12,15,178,269,91,3,12,178,91,3,0.362676056338028,103,284,cult_other,5,crp_5
cd4_high_200,Yoon,36,48,385,557,172,12,36,385,172,12,0.343801652892562,208,605,cult_other,8,crp_5
pregnant,Kerkhoff,0,0,4,19,15,0,0,4,15,0,0.789473684210526,15,19,cult_other,0,crp_5
pregnant,Yoon,2,2,25,41,16,0,2,25,16,0,0.418604651162791,18,43,cult_other,5,crp_5
all,Affolabi,76,118,2049,2608,559,42,76,2049,559,42,0.232942039618489,635,2726,cult_other,4,cxr_abn
all,Ahmad,40,55,222,536,314,15,40,222,314,15,0.598984771573604,354,591,cult_other,9,cxr_abn
all,Hanifa,52,62,116,286,170,10,52,116,170,10,0.637931034482759,222,348,cult_other,18,cxr_abn
all,Kerkhoff,69,92,215,385,170,23,69,215,170,23,0.50104821802935,239,477,cult_other,19,cxr_abn
all,Kufa,20,23,236,361,125,3,20,236,125,3,0.377604166666667,145,384,cult,6,cxr_abn
all,Modi,52,69,301,497,196,17,52,301,196,17,0.438162544169611,248,566,cult_other,12,cxr_abn
all,Swindells,29,54,514,644,130,25,29,514,130,25,0.227793696275072,159,698,cult_other,8,cxr_abn
all,Thit,16,26,266,406,140,10,16,266,140,10,0.361111111111111,156,432,cult_other,6,cxr_abn
art,Affolabi,29,44,1310,1706,396,15,29,1310,396,15,0.242857142857143,425,1750,cult_other,3,cxr_abn
art,Ahmad,18,23,161,392,231,5,18,161,231,5,0.6,249,415,cult_other,6,cxr_abn
art,Kufa,8,8,127,189,62,0,8,127,62,0,0.355329949238579,70,197,cult,4,cxr_abn
art,Thit,12,19,197,298,101,7,12,197,101,7,0.356466876971609,113,317,cult_other,6,cxr_abn
noart,Affolabi,47,74,739,902,163,27,47,739,163,27,0.21516393442623,210,976,cult_other,8,cxr_abn
noart,Ahmad,22,32,61,144,83,10,22,61,83,10,0.596590909090909,105,176,cult_other,18,cxr_abn
noart,Hanifa,52,62,116,286,170,10,52,116,170,10,0.637931034482759,222,348,cult_other,18,cxr_abn
noart,Kerkhoff,69,92,215,385,170,23,69,215,170,23,0.50104821802935,239,477,cult_other,19,cxr_abn
noart,Kufa,12,15,109,172,63,3,12,109,63,3,0.401069518716578,75,187,cult,8,cxr_abn
noart,Modi,52,69,301,497,196,17,52,301,196,17,0.438162544169611,248,566,cult_other,12,cxr_abn
noart,Swindells,29,54,514,644,130,25,29,514,130,25,0.227793696275072,159,698,cult_other,8,cxr_abn
noart,Thit,4,7,69,108,39,3,4,69,39,3,0.373913043478261,43,115,cult_other,6,cxr_abn
cd4_less_200,Affolabi,39,63,484,626,142,24,39,484,142,24,0.262699564586357,181,689,cult_other,9,cxr_abn
cd4_less_200,Ahmad,20,27,63,148,85,7,20,63,85,7,0.6,105,175,cult_other,15,cxr_abn
cd4_less_200,Hanifa,50,59,110,270,160,9,50,110,160,9,0.638297872340426,210,329,cult_other,18,cxr_abn
cd4_less_200,Kerkhoff,50,66,141,243,102,16,50,141,102,16,0.491909385113269,152,309,cult_other,21,cxr_abn
cd4_less_200,Kufa,16,19,94,156,62,3,16,94,62,3,0.445714285714286,78,175,cult,11,cxr_abn
cd4_less_200,Modi,30,38,67,131,64,8,30,67,64,8,0.556213017751479,94,169,cult_other,22,cxr_abn
cd4_less_200,Swindells,13,27,140,190,50,14,13,140,50,14,0.290322580645161,63,217,cult_other,12,cxr_abn
cd4_less_200,Thit,11,17,73,130,57,6,11,73,57,6,0.462585034013605,68,147,cult_other,12,cxr_abn
cd4_high_200,Affolabi,32,49,1519,1918,399,17,32,1519,399,17,0.219115404168785,431,1967,cult_other,2,cxr_abn
cd4_high_200,Ahmad,20,28,159,388,229,8,20,159,229,8,0.598557692307692,249,416,cult_other,7,cxr_abn
cd4_high_200,Hanifa,1,2,6,15,9,1,1,6,9,1,0.588235294117647,10,17,cult_other,12,cxr_abn
cd4_high_200,Kerkhoff,18,25,73,141,68,7,18,73,68,7,0.518072289156627,86,166,cult_other,15,cxr_abn
cd4_high_200,Kufa,4,4,142,205,63,0,4,142,63,0,0.320574162679426,67,209,cult,2,cxr_abn
cd4_high_200,Modi,17,26,219,346,127,9,17,219,127,9,0.387096774193548,144,372,cult_other,7,cxr_abn
cd4_high_200,Swindells,16,27,371,451,80,11,16,371,80,11,0.200836820083682,96,478,cult_other,6,cxr_abn
cd4_high_200,Thit,4,8,193,276,83,4,4,193,83,4,0.306338028169014,87,284,cult_other,3,cxr_abn
pregnant,Modi,1,1,5,7,2,0,1,5,2,0,0.375,3,8,cult_other,12,cxr_abn
all,Affolabi,61,118,2416,2606,190,57,61,2416,190,57,0.092143906020558,251,2724,cult_other,4,cxr_sugg
all,Ahmad,34,55,305,536,231,21,34,305,231,21,0.44839255499154,265,591,cult_other,9,cxr_sugg
all,Hanifa,47,62,156,286,130,15,47,156,130,15,0.508620689655172,177,348,cult_other,18,cxr_sugg
all,Kerkhoff,65,91,253,384,131,26,65,253,131,26,0.412631578947368,196,475,cult_other,19,cxr_sugg
all,Kufa,18,23,306,360,54,5,18,306,54,5,0.18798955613577,72,383,cult,6,cxr_sugg
all,Modi,39,69,432,492,60,30,39,432,60,30,0.176470588235294,99,561,cult_other,12,cxr_sugg
all,Nguyen,20,28,262,369,107,8,20,262,107,8,0.319899244332494,127,397,cult_other,7,cxr_sugg
all,Swindells,26,54,561,644,83,28,26,561,83,28,0.156160458452722,109,698,cult_other,8,cxr_sugg
art,Affolabi,22,44,1567,1705,138,22,22,1567,138,22,0.0914808461978273,160,1749,cult_other,3,cxr_sugg
art,Ahmad,18,23,228,392,164,5,18,228,164,5,0.43855421686747,182,415,cult_other,6,cxr_sugg
art,Kufa,7,8,160,188,28,1,7,160,28,1,0.178571428571429,35,196,cult,4,cxr_sugg
art,Nguyen,11,15,143,215,72,4,11,143,72,4,0.360869565217391,83,230,cult_other,7,cxr_sugg
noart,Affolabi,39,74,849,901,52,35,39,849,52,35,0.0933333333333333,91,975,cult_other,8,cxr_sugg
noart,Ahmad,16,32,77,144,67,16,16,77,67,16,0.471590909090909,83,176,cult_other,18,cxr_sugg
noart,Hanifa,47,62,156,286,130,15,47,156,130,15,0.508620689655172,177,348,cult_other,18,cxr_sugg
noart,Kerkhoff,65,91,253,384,131,26,65,253,131,26,0.412631578947368,196,475,cult_other,19,cxr_sugg
noart,Kufa,11,15,146,172,26,4,11,146,26,4,0.197860962566845,37,187,cult,8,cxr_sugg
noart,Modi,39,69,432,492,60,30,39,432,60,30,0.176470588235294,99,561,cult_other,12,cxr_sugg
noart,Nguyen,9,13,119,154,35,4,9,119,35,4,0.263473053892216,44,167,cult_other,8,cxr_sugg
noart,Swindells,26,54,561,644,83,28,26,561,83,28,0.156160458452722,109,698,cult_other,8,cxr_sugg
cd4_less_200,Affolabi,32,63,575,624,49,31,32,575,49,31,0.117903930131004,81,687,cult_other,9,cxr_sugg
cd4_less_200,Ahmad,16,27,91,148,57,11,16,91,57,11,0.417142857142857,73,175,cult_other,15,cxr_sugg
cd4_less_200,Hanifa,45,59,146,270,124,14,45,146,124,14,0.513677811550152,169,329,cult_other,18,cxr_sugg
cd4_less_200,Kerkhoff,46,65,160,242,82,19,46,160,82,19,0.416938110749186,128,307,cult_other,21,cxr_sugg
cd4_less_200,Kufa,14,19,125,156,31,5,14,125,31,5,0.257142857142857,45,175,cult,11,cxr_sugg
cd4_less_200,Modi,22,38,102,128,26,16,22,102,26,16,0.289156626506024,48,166,cult_other,23,cxr_sugg
cd4_less_200,Nguyen,8,12,47,75,28,4,8,47,28,4,0.413793103448276,36,87,cult_other,14,cxr_sugg
cd4_less_200,Swindells,12,27,150,190,40,15,12,150,40,15,0.23963133640553,52,217,cult_other,12,cxr_sugg
cd4_high_200,Affolabi,24,49,1782,1918,136,25,24,1782,136,25,0.0813421453990849,160,1967,cult_other,2,cxr_sugg
cd4_high_200,Ahmad,18,28,214,388,174,10,18,214,174,10,0.461538461538462,192,416,cult_other,7,cxr_sugg
cd4_high_200,Hanifa,1,2,9,15,6,1,1,9,6,1,0.411764705882353,7,17,cult_other,12,cxr_sugg
cd4_high_200,Kerkhoff,18,25,92,141,49,7,18,92,49,7,0.403614457831325,67,166,cult_other,15,cxr_sugg
cd4_high_200,Kufa,4,4,181,204,23,0,4,181,23,0,0.129807692307692,27,208,cult,2,cxr_sugg
cd4_high_200,Modi,12,26,312,344,32,14,12,312,32,14,0.118918918918919,44,370,cult_other,7,cxr_sugg
cd4_high_200,Nguyen,12,16,215,294,79,4,12,215,79,4,0.293548387096774,91,310,cult_other,5,cxr_sugg
cd4_high_200,Swindells,14,27,408,451,43,13,14,408,43,13,0.119246861924686,57,478,cult_other,6,cxr_sugg
pregnant,Modi,1,1,6,6,0,0,1,6,0,0,0.142857142857143,1,7,cult_other,14,cxr_sugg
all,Balcha,13,129,619,633,14,116,13,619,14,116,0.0354330708661417,27,762,cult,17,hb_8
all,Bjerrum,6,35,270,325,55,29,6,270,55,29,0.169444444444444,61,360,cult_other,10,hb_8
all,Gersh,0,8,335,358,23,8,0,335,23,8,0.0628415300546448,23,366,cult_other,2,hb_8
all,Hanifa,4,64,268,284,16,60,4,268,16,60,0.0574712643678161,20,348,cult_other,18,hb_8
all,Hoffmann,0,33,1228,1254,26,33,0,1228,26,33,0.0202020202020202,26,1287,cult_other,3,hb_8
all,Kerkhoff,13,91,385,399,14,78,13,385,14,78,0.0551020408163265,27,490,cult_other,19,hb_8
all,Kufa,5,24,382,391,9,19,5,382,9,19,0.0337349397590361,14,415,cult,6,hb_8
all,Swindells,7,56,650,668,18,49,7,650,18,49,0.0345303867403315,25,724,cult_other,8,hb_8
all,Thit,4,25,312,341,29,21,4,312,29,21,0.0901639344262295,33,366,cult_other,7,hb_8
art,Gersh,0,8,331,354,23,8,0,331,23,8,0.06353591160221,23,362,cult_other,2,hb_8
art,Hoffmann,0,0,2,2,0,0,0,2,0,0,0,0,2,cult_other,0,hb_8
art,Kufa,1,8,196,202,6,7,1,196,6,7,0.0333333333333333,7,210,cult,4,hb_8
art,Thit,4,20,229,250,21,16,4,229,21,16,0.0925925925925926,25,270,cult_other,7,hb_8
noart,Balcha,13,129,619,633,14,116,13,619,14,116,0.0354330708661417,27,762,cult,17,hb_8
noart,Bjerrum,6,35,270,325,55,29,6,270,55,29,0.169444444444444,61,360,cult_other,10,hb_8
noart,Gersh,0,0,1,1,0,0,0,1,0,0,0,0,1,cult_other,0,hb_8
noart,Hanifa,4,64,268,284,16,60,4,268,16,60,0.0574712643678161,20,348,cult_other,18,hb_8
noart,Hoffmann,0,33,1226,1252,26,33,0,1226,26,33,0.0202334630350195,26,1285,cult_other,3,hb_8
noart,Kerkhoff,13,91,385,399,14,78,13,385,14,78,0.0551020408163265,27,490,cult_other,19,hb_8
noart,Kufa,4,16,186,189,3,12,4,186,3,12,0.0341463414634146,7,205,cult,8,hb_8
noart,Swindells,7,56,650,668,18,49,7,650,18,49,0.0345303867403315,25,724,cult_other,8,hb_8
noart,Thit,0,5,83,91,8,5,0,83,8,5,0.0833333333333333,8,96,cult_other,5,hb_8
cd4_less_200,Balcha,11,75,276,284,8,64,11,276,8,64,0.052924791086351,19,359,cult,21,hb_8
cd4_less_200,Bjerrum,3,25,163,201,38,22,3,163,38,22,0.18141592920354,41,226,cult_other,11,hb_8
cd4_less_200,Gersh,0,2,32,35,3,2,0,32,3,2,0.0810810810810811,3,37,cult_other,5,hb_8
cd4_less_200,Hanifa,4,60,252,268,16,56,4,252,16,56,0.0609756097560976,20,328,cult_other,18,hb_8
cd4_less_200,Hoffmann,0,12,147,153,6,12,0,147,6,12,0.0363636363636364,6,165,cult_other,7,hb_8
cd4_less_200,Kerkhoff,13,64,238,246,8,51,13,238,8,51,0.067741935483871,21,310,cult_other,21,hb_8
cd4_less_200,Kufa,4,20,170,174,4,16,4,170,4,16,0.0412371134020619,8,194,cult,10,hb_8
cd4_less_200,Swindells,5,27,188,195,7,22,5,188,7,22,0.0540540540540541,12,222,cult_other,12,hb_8
cd4_less_200,Thit,3,16,101,114,13,13,3,101,13,13,0.123076923076923,16,130,cult_other,12,hb_8
cd4_high_200,Balcha,2,54,343,349,6,52,2,343,6,52,0.0198511166253102,8,403,cult,13,hb_8
cd4_high_200,Bjerrum,3,10,106,121,15,7,3,106,15,7,0.137404580152672,18,131,cult_other,8,hb_8
cd4_high_200,Gersh,0,4,244,258,14,4,0,244,14,4,0.0534351145038168,14,262,cult_other,2,hb_8
cd4_high_200,Hanifa,0,3,15,15,0,3,0,15,0,3,0,0,18,cult_other,17,hb_8
cd4_high_200,Hoffmann,0,21,1057,1077,20,21,0,1057,20,21,0.0182149362477231,20,1098,cult_other,2,hb_8
cd4_high_200,Kerkhoff,0,26,146,152,6,26,0,146,6,26,0.0337078651685393,6,178,cult_other,15,hb_8
cd4_high_200,Kufa,1,4,212,217,5,3,1,212,5,3,0.0271493212669683,6,221,cult,2,hb_8
cd4_high_200,Swindells,2,29,461,472,11,27,2,461,11,27,0.0259481037924152,13,501,cult_other,6,hb_8
cd4_high_200,Thit,1,9,211,227,16,8,1,211,16,8,0.0720338983050848,17,236,cult_other,4,hb_8
pregnant,Bjerrum,0,0,20,22,2,0,0,20,2,0,0.0909090909090909,2,22,cult_other,0,hb_8
pregnant,Hoffmann,0,33,1228,1254,26,33,0,1228,26,33,0.0202020202020202,26,1287,cult_other,3,hb_8
pregnant,Kerkhoff,0,0,20,20,0,0,0,20,0,0,0,0,20,cult_other,0,hb_8
pregnant,Kufa,0,1,10,10,0,1,0,10,0,1,0,0,11,cult,9,hb_8
pregnant,Swindells,0,1,9,9,0,1,0,9,0,1,0,0,10,cult_other,10,hb_8
all,Balcha,54,129,522,633,111,75,54,522,111,75,0.216535433070866,165,762,cult,17,hb_10
all,Bjerrum,27,35,168,325,157,8,27,168,157,8,0.511111111111111,184,360,cult_other,10,hb_10
all,Gersh,3,8,308,358,50,5,3,308,50,5,0.144808743169399,53,366,cult_other,2,hb_10
all,Hanifa,24,64,217,284,67,40,24,217,67,40,0.261494252873563,91,348,cult_other,18,hb_10
all,Hoffmann,6,33,1056,1254,198,27,6,1056,198,27,0.158508158508159,204,1287,cult_other,3,hb_10
all,Kerkhoff,34,91,347,399,52,57,34,347,52,57,0.175510204081633,86,490,cult_other,19,hb_10
all,Kufa,10,24,337,391,54,14,10,337,54,14,0.15421686746988,64,415,cult,6,hb_10
all,Swindells,19,56,574,668,94,37,19,574,94,37,0.156077348066298,113,724,cult_other,8,hb_10
all,Thit,15,25,223,341,118,10,15,223,118,10,0.363387978142077,133,366,cult_other,7,hb_10
art,Gersh,3,8,305,354,49,5,3,305,49,5,0.143646408839779,52,362,cult_other,2,hb_10
art,Hoffmann,0,0,2,2,0,0,0,2,0,0,0,0,2,cult_other,0,hb_10
art,Kufa,4,8,179,202,23,4,4,179,23,4,0.128571428571429,27,210,cult,4,hb_10
art,Thit,12,20,166,250,84,8,12,166,84,8,0.355555555555556,96,270,cult_other,7,hb_10
noart,Balcha,54,129,522,633,111,75,54,522,111,75,0.216535433070866,165,762,cult,17,hb_10
noart,Bjerrum,27,35,168,325,157,8,27,168,157,8,0.511111111111111,184,360,cult_other,10,hb_10
noart,Gersh,0,0,1,1,0,0,0,1,0,0,0,0,1,cult_other,0,hb_10
noart,Hanifa,24,64,217,284,67,40,24,217,67,40,0.261494252873563,91,348,cult_other,18,hb_10
noart,Hoffmann,6,33,1054,1252,198,27,6,1054,198,27,0.15875486381323,204,1285,cult_other,3,hb_10
noart,Kerkhoff,34,91,347,399,52,57,34,347,52,57,0.175510204081633,86,490,cult_other,19,hb_10
noart,Kufa,6,16,158,189,31,10,6,158,31,10,0.180487804878049,37,205,cult,8,hb_10
noart,Swindells,19,56,574,668,94,37,19,574,94,37,0.156077348066298,113,724,cult_other,8,hb_10
noart,Thit,3,5,57,91,34,2,3,57,34,2,0.385416666666667,37,96,cult_other,5,hb_10
cd4_less_200,Balcha,41,75,216,284,68,34,41,216,68,34,0.303621169916435,109,359,cult,21,hb_10
cd4_less_200,Bjerrum,21,25,90,201,111,4,21,90,111,4,0.584070796460177,132,226,cult_other,11,hb_10
cd4_less_200,Gersh,2,2,31,35,4,0,2,31,4,0,0.162162162162162,6,37,cult_other,5,hb_10
cd4_less_200,Hanifa,23,60,205,268,63,37,23,205,63,37,0.26219512195122,86,328,cult_other,18,hb_10
cd4_less_200,Hoffmann,3,12,114,153,39,9,3,114,39,9,0.254545454545455,42,165,cult_other,7,hb_10
cd4_less_200,Kerkhoff,30,64,214,246,32,34,30,214,32,34,0.2,62,310,cult_other,21,hb_10
cd4_less_200,Kufa,8,20,138,174,36,12,8,138,36,12,0.22680412371134,44,194,cult,10,hb_10
cd4_less_200,Swindells,13,27,149,195,46,14,13,149,46,14,0.265765765765766,59,222,cult_other,12,hb_10
cd4_less_200,Thit,11,16,60,114,54,5,11,60,54,5,0.5,65,130,cult_other,12,hb_10
cd4_high_200,Balcha,13,54,306,349,43,41,13,306,43,41,0.138957816377171,56,403,cult,13,hb_10
cd4_high_200,Bjerrum,6,10,77,121,44,4,6,77,44,4,0.381679389312977,50,131,cult_other,8,hb_10
cd4_high_200,Gersh,1,4,224,258,34,3,1,224,34,3,0.133587786259542,35,262,cult_other,2,hb_10
cd4_high_200,Hanifa,1,3,12,15,3,2,1,12,3,2,0.222222222222222,4,18,cult_other,17,hb_10
cd4_high_200,Hoffmann,3,21,924,1077,153,18,3,924,153,18,0.14207650273224,156,1098,cult_other,2,hb_10
cd4_high_200,Kerkhoff,4,26,132,152,20,22,4,132,20,22,0.134831460674157,24,178,cult_other,15,hb_10
cd4_high_200,Kufa,2,4,199,217,18,2,2,199,18,2,0.0904977375565611,20,221,cult,2,hb_10
cd4_high_200,Swindells,6,29,424,472,48,23,6,424,48,23,0.107784431137725,54,501,cult_other,6,hb_10
cd4_high_200,Thit,4,9,163,227,64,5,4,163,64,5,0.288135593220339,68,236,cult_other,4,hb_10
pregnant,Bjerrum,0,0,11,22,11,0,0,11,11,0,0.5,11,22,cult_other,0,hb_10
pregnant,Hoffmann,6,33,1056,1254,198,27,6,1056,198,27,0.158508158508159,204,1287,cult_other,3,hb_10
pregnant,Kerkhoff,0,0,14,20,6,0,0,14,6,0,0.3,6,20,cult_other,0,hb_10
pregnant,Kufa,1,1,8,10,2,0,1,8,2,0,0.272727272727273,3,11,cult,9,hb_10
pregnant,Swindells,0,1,7,9,2,1,0,7,2,1,0.2,2,10,cult_other,10,hb_10
all,Balcha,16,137,661,673,12,121,16,661,12,121,0.0345679012345679,28,810,cult,17,lad
all,Bjerrum,14,40,293,355,62,26,14,293,62,26,0.192405063291139,76,395,cult_other,10,lad
all,Swindells,36,56,468,670,202,20,36,468,202,20,0.327823691460055,238,726,cult_other,8,lad
all,Thit,5,30,406,433,27,25,5,406,27,25,0.0691144708423326,32,463,cult_other,6,lad
art,Thit,4,23,293,315,22,19,4,293,22,19,0.0769230769230769,26,338,cult_other,7,lad
noart,Balcha,16,137,661,673,12,121,16,661,12,121,0.0345679012345679,28,810,cult,17,lad
noart,Bjerrum,14,40,293,355,62,26,14,293,62,26,0.192405063291139,76,395,cult_other,10,lad
noart,Swindells,36,56,468,670,202,20,36,468,202,20,0.327823691460055,238,726,cult_other,8,lad
noart,Thit,1,7,113,118,5,6,1,113,5,6,0.048,6,125,cult_other,6,lad
cd4_less_200,Balcha,10,83,290,297,7,73,10,290,7,73,0.0447368421052632,17,380,cult,22,lad
cd4_less_200,Bjerrum,8,28,186,215,29,20,8,186,29,20,0.152263374485597,37,243,cult_other,12,lad
cd4_less_200,Swindells,19,27,123,195,72,8,19,123,72,8,0.40990990990991,91,222,cult_other,12,lad
cd4_less_200,Thit,4,18,128,140,12,14,4,128,12,14,0.10126582278481,16,158,cult_other,11,lad
cd4_high_200,Balcha,6,54,366,371,5,48,6,366,5,48,0.0258823529411765,11,425,cult,13,lad
cd4_high_200,Bjerrum,6,11,100,133,33,5,6,100,33,5,0.270833333333333,39,144,cult_other,8,lad
cd4_high_200,Swindells,17,29,342,472,130,12,17,342,130,12,0.293413173652695,147,501,cult_other,6,lad
cd4_high_200,Thit,1,11,278,293,15,10,1,278,15,10,0.0526315789473684,16,304,cult_other,4,lad
pregnant,Bjerrum,0,1,21,23,2,1,0,21,2,1,0.0833333333333333,2,24,cult_other,4,lad
pregnant,Swindells,0,1,5,9,4,1,0,5,4,1,0.4,4,10,cult_other,10,lad
all,Gersh,1,8,298,377,79,7,1,298,79,7,0.207792207792208,80,385,cult_other,2,who+crp
all,Kerkhoff,90,92,44,410,366,2,90,44,366,2,0.908366533864542,456,502,cult_other,18,who+crp
all,Reeve,79,96,230,649,419,17,79,230,419,17,0.668456375838926,498,745,cult_other,13,who+crp
all,Shapiro,39,42,120,383,263,3,39,120,263,3,0.710588235294118,302,425,cult_other,10,who+crp
all,Yoon,234,242,170,1283,1113,8,234,170,1113,8,0.88327868852459,1347,1525,cult_other,16,who+crp
art,Gersh,1,8,296,373,77,7,1,296,77,7,0.204724409448819,78,381,cult_other,2,who+crp
noart,Gersh,0,0,0,1,1,0,0,0,1,0,1,1,1,cult_other,0,who+crp
noart,Kerkhoff,90,92,44,410,366,2,90,44,366,2,0.908366533864542,456,502,cult_other,18,who+crp
noart,Reeve,79,96,230,649,419,17,79,230,419,17,0.668456375838926,498,745,cult_other,13,who+crp
noart,Shapiro,39,42,120,383,263,3,39,120,263,3,0.710588235294118,302,425,cult_other,10,who+crp
noart,Yoon,234,242,170,1283,1113,8,234,170,1113,8,0.88327868852459,1347,1525,cult_other,16,who+crp
cd4_less_200,Gersh,0,2,31,41,10,2,0,31,10,2,0.232558139534884,10,43,cult_other,5,who+crp
cd4_less_200,Kerkhoff,64,66,25,252,227,2,64,25,227,2,0.915094339622642,291,318,cult_other,21,who+crp
cd4_less_200,Reeve,41,44,34,145,111,3,41,34,111,3,0.804232804232804,152,189,cult_other,23,who+crp
cd4_less_200,Shapiro,24,25,19,102,83,1,24,19,83,1,0.84251968503937,107,127,cult_other,20,who+crp
cd4_less_200,Yoon,193,194,76,726,650,1,193,76,650,1,0.916304347826087,843,920,cult_other,21,who+crp
cd4_high_200,Gersh,1,4,219,269,50,3,1,219,50,3,0.186813186813187,51,273,cult_other,1,who+crp
cd4_high_200,Kerkhoff,26,26,19,157,138,0,26,19,138,0,0.896174863387978,164,183,cult_other,14,who+crp
cd4_high_200,Reeve,29,42,172,442,270,13,29,172,270,13,0.617768595041322,299,484,cult_other,9,who+crp
cd4_high_200,Shapiro,13,15,99,269,170,2,13,99,170,2,0.644366197183099,183,284,cult_other,5,who+crp
cd4_high_200,Yoon,41,48,94,557,463,7,41,94,463,7,0.83305785123967,504,605,cult_other,8,who+crp
pregnant,Kerkhoff,0,0,4,19,15,0,0,4,15,0,0.789473684210526,15,19,cult_other,0,who+crp
pregnant,Yoon,2,2,7,41,34,0,2,7,34,0,0.837209302325582,36,43,cult_other,5,who+crp
all,Affolabi,101,118,1570,2608,1038,17,101,1570,1038,17,0.417828319882612,1139,2726,cult_other,4,who+cxrabn
all,Ahmad,50,55,124,536,412,5,50,124,412,5,0.781725888324873,462,591,cult_other,9,who+cxrabn
all,Hanifa,61,62,6,286,280,1,61,6,280,1,0.979885057471264,341,348,cult_other,18,who+cxrabn
all,Kerkhoff,90,92,34,385,351,2,90,34,351,2,0.924528301886792,441,477,cult_other,19,who+cxrabn
all,Kufa,23,23,41,361,320,0,23,41,320,0,0.893229166666667,343,384,cult,6,who+cxrabn
all,Modi,60,67,166,491,325,7,60,166,325,7,0.689964157706093,385,558,cult_other,12,who+cxrabn
all,Swindells,50,54,204,643,439,4,50,204,439,4,0.701578192252511,489,697,cult_other,8,who+cxrabn
all,Thit,25,26,152,406,254,1,25,152,254,1,0.645833333333333,279,432,cult_other,6,who+cxrabn
art,Affolabi,32,44,1106,1706,600,12,32,1106,600,12,0.361142857142857,632,1750,cult_other,3,who+cxrabn
art,Ahmad,20,23,102,392,290,3,20,102,290,3,0.746987951807229,310,415,cult_other,6,who+cxrabn
art,Kufa,8,8,24,189,165,0,8,24,165,0,0.878172588832487,173,197,cult,4,who+cxrabn
art,Thit,18,19,113,298,185,1,18,113,185,1,0.640378548895899,203,317,cult_other,6,who+cxrabn
noart,Affolabi,69,74,464,902,438,5,69,464,438,5,0.519467213114754,507,976,cult_other,8,who+cxrabn
noart,Ahmad,30,32,22,144,122,2,30,22,122,2,0.863636363636364,152,176,cult_other,18,who+cxrabn
noart,Hanifa,61,62,6,286,280,1,61,6,280,1,0.979885057471264,341,348,cult_other,18,who+cxrabn
noart,Kerkhoff,90,92,34,385,351,2,90,34,351,2,0.924528301886792,441,477,cult_other,19,who+cxrabn
noart,Kufa,15,15,17,172,155,0,15,17,155,0,0.909090909090909,170,187,cult,8,who+cxrabn
noart,Modi,60,67,166,491,325,7,60,166,325,7,0.689964157706093,385,558,cult_other,12,who+cxrabn
noart,Swindells,50,54,204,643,439,4,50,204,439,4,0.701578192252511,489,697,cult_other,8,who+cxrabn
noart,Thit,7,7,39,108,69,0,7,39,69,0,0.660869565217391,76,115,cult_other,6,who+cxrabn
cd4_less_200,Affolabi,56,63,287,626,339,7,56,287,339,7,0.573294629898404,395,689,cult_other,9,who+cxrabn
cd4_less_200,Ahmad,24,27,27,148,121,3,24,27,121,3,0.828571428571429,145,175,cult_other,15,who+cxrabn
cd4_less_200,Hanifa,59,59,5,270,265,0,59,5,265,0,0.984802431610942,324,329,cult_other,18,who+cxrabn
cd4_less_200,Kerkhoff,64,66,23,243,220,2,64,23,220,2,0.919093851132686,284,309,cult_other,21,who+cxrabn
cd4_less_200,Kufa,19,19,10,156,146,0,19,10,146,0,0.942857142857143,165,175,cult,11,who+cxrabn
cd4_less_200,Modi,35,36,21,131,110,1,35,21,110,1,0.868263473053892,145,167,cult_other,22,who+cxrabn
cd4_less_200,Swindells,25,27,41,190,149,2,25,41,149,2,0.80184331797235,174,217,cult_other,12,who+cxrabn
cd4_less_200,Thit,17,17,29,130,101,0,17,29,101,0,0.802721088435374,118,147,cult_other,12,who+cxrabn
cd4_high_200,Affolabi,39,49,1262,1918,656,10,39,1262,656,10,0.353329944077275,695,1967,cult_other,2,who+cxrabn
cd4_high_200,Ahmad,26,28,97,388,291,2,26,97,291,2,0.762019230769231,317,416,cult_other,7,who+cxrabn
cd4_high_200,Hanifa,1,2,1,15,14,1,1,1,14,1,0.882352941176471,15,17,cult_other,12,who+cxrabn
cd4_high_200,Kerkhoff,25,25,11,141,130,0,25,11,130,0,0.933734939759036,155,166,cult_other,15,who+cxrabn
cd4_high_200,Kufa,4,4,31,205,174,0,4,31,174,0,0.851674641148325,178,209,cult,2,who+cxrabn
cd4_high_200,Modi,20,26,136,340,204,6,20,136,204,6,0.612021857923497,224,366,cult_other,7,who+cxrabn
cd4_high_200,Swindells,25,27,161,451,290,2,25,161,290,2,0.658995815899582,315,478,cult_other,6,who+cxrabn
cd4_high_200,Thit,7,8,123,276,153,1,7,123,153,1,0.563380281690141,160,284,cult_other,3,who+cxrabn
pregnant,Modi,1,1,4,7,3,0,1,4,3,0,0.5,4,8,cult_other,12,who+cxrabn
all,Gersh,0,8,362,377,15,8,0,362,15,8,0.038961038961039,15,385,cult_other,2,who_then_crp
all,Kerkhoff,80,92,210,410,200,12,80,210,200,12,0.557768924302789,280,502,cult_other,18,who_then_crp
all,Reeve,65,96,445,649,204,31,65,445,204,31,0.361073825503356,269,745,cult_other,13,who_then_crp
all,Shapiro,36,42,264,383,119,6,36,264,119,6,0.364705882352941,155,425,cult_other,10,who_then_crp
all,Yoon,212,242,839,1283,444,30,212,839,444,30,0.43016393442623,656,1525,cult_other,16,who_then_crp
art,Gersh,0,8,358,373,15,8,0,358,15,8,0.0393700787401575,15,381,cult_other,2,who_then_crp
noart,Gersh,0,0,1,1,0,0,0,1,0,0,0,0,1,cult_other,0,who_then_crp
noart,Kerkhoff,80,92,210,410,200,12,80,210,200,12,0.557768924302789,280,502,cult_other,18,who_then_crp
noart,Reeve,65,96,445,649,204,31,65,445,204,31,0.361073825503356,269,745,cult_other,13,who_then_crp
noart,Shapiro,36,42,264,383,119,6,36,264,119,6,0.364705882352941,155,425,cult_other,10,who_then_crp
noart,Yoon,212,242,839,1283,444,30,212,839,444,30,0.43016393442623,656,1525,cult_other,16,who_then_crp
cd4_less_200,Gersh,0,2,40,41,1,2,0,40,1,2,0.0232558139534884,1,43,cult_other,5,who_then_crp
cd4_less_200,Kerkhoff,56,66,122,252,130,10,56,122,130,10,0.584905660377359,186,318,cult_other,21,who_then_crp
cd4_less_200,Reeve,37,44,72,145,73,7,37,72,73,7,0.582010582010582,110,189,cult_other,23,who_then_crp
cd4_less_200,Shapiro,22,25,45,102,57,3,22,45,57,3,0.622047244094488,79,127,cult_other,20,who_then_crp
cd4_less_200,Yoon,176,194,439,726,287,18,176,439,287,18,0.503260869565217,463,920,cult_other,21,who_then_crp
cd4_high_200,Gersh,0,4,260,269,9,4,0,260,9,4,0.032967032967033,9,273,cult_other,1,who_then_crp
cd4_high_200,Kerkhoff,24,26,88,157,69,2,24,88,69,2,0.508196721311475,93,183,cult_other,14,who_then_crp
cd4_high_200,Reeve,19,42,332,442,110,23,19,332,110,23,0.266528925619835,129,484,cult_other,9,who_then_crp
cd4_high_200,Shapiro,12,15,213,269,56,3,12,213,56,3,0.23943661971831,68,284,cult_other,5,who_then_crp
cd4_high_200,Yoon,36,48,400,557,157,12,36,400,157,12,0.31900826446281,193,605,cult_other,8,who_then_crp
pregnant,Kerkhoff,0,0,11,19,8,0,0,11,8,0,0.421052631578947,8,19,cult_other,0,who_then_crp
pregnant,Yoon,2,2,27,41,14,0,2,27,14,0,0.372093023255814,16,43,cult_other,5,who_then_crp
