ID,author,tp,n1,tn,n2,fp,fn,TP,TN,FP,FN,screen_positive,pos,tot,ref_std,prev_std,test
all,Affolabi,59,85,1973,2681,708,26,59,1973,708,26,0.277295733911786,767,2766,cult_other,3,who
all,Ahmad,45,57,268,554,286,12,45,268,286,12,0.541734860883797,331,611,cult_other,9,who
all,Al Darraji,11,15,36,110,74,4,11,36,74,4,0.68,85,125,cult_other,12,who
all,Balcha,115,124,151,685,534,9,115,151,534,9,0.802224969097651,649,809,cult,15,who
all,Bjerrum,35,37,33,357,324,2,35,33,324,2,0.911167512690355,359,394,cult_other,9,who
all,Gersh,0,5,335,382,47,5,0,335,47,5,0.121447028423773,47,387,cult_other,1,who
all,Hanifa,61,64,17,287,270,3,61,17,270,3,0.943019943019943,331,351,cult_other,18,who
all,Hoffmann,10,35,1152,1369,217,25,10,1152,217,25,0.161680911680912,227,1404,cult_other,2,who
all,Kemper,11,12,40,90,50,1,11,40,50,1,0.598039215686275,61,102,cult_other,12,who
all,Kerkhoff,83,89,65,433,368,6,83,65,368,6,0.863984674329502,451,522,cult_other,17,who
all,Kufa,24,24,60,391,331,0,24,60,331,0,0.855421686746988,355,415,cult,6,who
all,LaCourse,3,7,231,285,54,4,3,231,54,4,0.195205479452055,57,292,cult_other,2,who
all,Mbu,121,131,118,809,691,10,121,118,691,10,0.863829787234043,812,940,cult_other,14,who
all,Modi,52,72,333,647,314,20,52,333,314,20,0.50904033379694,366,719,cult_other,10,who
all,Nguyen,14,28,236,369,133,14,14,236,133,14,0.370277078085642,147,397,cult_other,7,who
all,Rangaka,50,126,1147,1303,156,76,50,1147,156,76,0.144156752974108,206,1429,cult_other,9,who
all,Reeve,69,93,339,703,364,24,69,339,364,24,0.543969849246231,433,796,cult_other,12,who
all,Shapiro,38,42,142,383,241,4,38,142,241,4,0.656470588235294,279,425,cult_other,10,who
all,Swindells,49,56,237,669,432,7,49,237,432,7,0.663448275862069,481,725,cult_other,8,who
all,Thit,8,10,238,453,215,2,8,238,215,2,0.481641468682505,223,463,cult_other,2,who
all,Yoon,223,232,181,1293,1112,9,223,181,1112,9,0.875409836065574,1335,1525,cult_other,15,who
art,Affolabi,14,30,1430,1759,329,16,14,1430,329,16,0.191727221911683,343,1789,cult_other,2,who
art,Ahmad,14,24,220,399,179,10,14,220,179,10,0.456264775413712,193,423,cult_other,6,who
art,Gersh,0,5,331,378,47,5,0,331,47,5,0.122715404699739,47,383,cult_other,1,who
art,Hoffmann,0,0,1,2,1,0,0,1,1,0,0.5,1,2,cult_other,0,who
art,Kufa,8,8,34,202,168,0,8,34,168,0,0.838095238095238,176,210,cult,4,who
art,LaCourse,1,4,131,155,24,3,1,131,24,3,0.157232704402516,25,159,cult_other,3,who
art,Nguyen,8,15,140,215,75,7,8,140,75,7,0.360869565217391,83,230,cult_other,7,who
art,Rangaka,10,42,692,733,41,32,10,692,41,32,0.0658064516129032,51,775,cult_other,5,who
art,Thit,7,9,181,329,148,2,7,181,148,2,0.458579881656805,155,338,cult_other,3,who
noart,Affolabi,45,55,543,922,379,10,45,543,379,10,0.433981576253838,424,977,cult_other,6,who
noart,Ahmad,31,33,48,155,107,2,31,48,107,2,0.734042553191489,138,188,cult_other,18,who
noart,Balcha,115,124,151,685,534,9,115,151,534,9,0.802224969097651,649,809,cult,15,who
noart,Bjerrum,35,37,33,357,324,2,35,33,324,2,0.911167512690355,359,394,cult_other,9,who
noart,Gersh,0,0,1,1,0,0,0,1,0,0,0,0,1,cult_other,0,who
noart,Hanifa,61,64,17,287,270,3,61,17,270,3,0.943019943019943,331,351,cult_other,18,who
noart,Hoffmann,10,35,1151,1367,216,25,10,1151,216,25,0.161198288159772,226,1402,cult_other,2,who
noart,Kemper,11,12,40,90,50,1,11,40,50,1,0.598039215686275,61,102,cult_other,12,who
noart,Kerkhoff,83,89,65,433,368,6,83,65,368,6,0.863984674329502,451,522,cult_other,17,who
noart,Kufa,16,16,26,189,163,0,16,26,163,0,0.873170731707317,179,205,cult,8,who
noart,LaCourse,2,3,100,130,30,1,2,100,30,1,0.240601503759399,32,133,cult_other,2,who
noart,Mbu,121,131,118,809,691,10,121,118,691,10,0.863829787234043,812,940,cult_other,14,who
noart,Modi,52,72,333,647,314,20,52,333,314,20,0.50904033379694,366,719,cult_other,10,who
noart,Nguyen,6,13,96,154,58,7,6,96,58,7,0.383233532934132,64,167,cult_other,8,who
noart,Rangaka,40,84,455,570,115,44,40,455,115,44,0.237003058103976,155,654,cult_other,13,who
noart,Reeve,69,93,339,703,364,24,69,339,364,24,0.543969849246231,433,796,cult_other,12,who
noart,Shapiro,38,42,142,383,241,4,38,142,241,4,0.656470588235294,279,425,cult_other,10,who
noart,Swindells,49,56,237,669,432,7,49,237,432,7,0.663448275862069,481,725,cult_other,8,who
noart,Thit,1,1,57,124,67,0,1,57,67,0,0.544,68,125,cult_other,1,who
noart,Yoon,223,232,181,1293,1112,9,223,181,1112,9,0.875409836065574,1335,1525,cult_other,15,who
cd4_less_200,Affolabi,38,48,355,642,287,10,38,355,287,10,0.471014492753623,325,690,cult_other,7,who
cd4_less_200,Ahmad,23,27,56,154,98,4,23,56,98,4,0.668508287292818,121,181,cult_other,15,who
cd4_less_200,Al Darraji,4,7,9,30,21,3,4,9,21,3,0.675675675675676,25,37,cult_other,19,who
cd4_less_200,Balcha,75,78,53,301,248,3,75,53,248,3,0.852242744063325,323,379,cult,21,who
cd4_less_200,Bjerrum,25,26,11,216,205,1,25,11,205,1,0.950413223140496,230,242,cult_other,11,who
cd4_less_200,Gersh,0,2,38,42,4,2,0,38,4,2,0.0909090909090909,4,44,cult_other,5,who
cd4_less_200,Hanifa,58,60,16,271,255,2,58,16,255,2,0.945619335347432,313,331,cult_other,18,who
cd4_less_200,Hoffmann,5,13,126,166,40,8,5,126,40,8,0.251396648044693,45,179,cult_other,7,who
cd4_less_200,Kemper,9,10,16,54,38,1,9,16,38,1,0.734375,47,64,cult_other,16,who
cd4_less_200,Kerkhoff,58,64,37,267,230,6,58,37,230,6,0.870090634441088,288,331,cult_other,19,who
cd4_less_200,Kufa,20,20,19,174,155,0,20,19,155,0,0.902061855670103,175,194,cult,10,who
cd4_less_200,LaCourse,0,0,16,17,1,0,0,16,1,0,0.0588235294117647,1,17,cult_other,0,who
cd4_less_200,Mbu,79,81,12,263,251,2,79,12,251,2,0.959302325581395,330,344,cult_other,24,who
cd4_less_200,Modi,32,37,38,156,118,5,32,38,118,5,0.77720207253886,150,193,cult_other,19,who
cd4_less_200,Nguyen,7,12,44,75,31,5,7,44,31,5,0.436781609195402,38,87,cult_other,14,who
cd4_less_200,Rangaka,40,92,481,581,100,52,40,481,100,52,0.208023774145617,140,673,cult_other,14,who
cd4_less_200,Reeve,36,42,55,162,107,6,36,55,107,6,0.700980392156863,143,204,cult_other,21,who
cd4_less_200,Shapiro,23,25,23,102,79,2,23,23,79,2,0.803149606299213,102,127,cult_other,20,who
cd4_less_200,Swindells,23,27,46,195,149,4,23,46,149,4,0.774774774774775,172,222,cult_other,12,who
cd4_less_200,Thit,5,5,58,153,95,0,5,58,95,0,0.632911392405063,100,158,cult_other,3,who
cd4_less_200,Yoon,185,187,81,733,652,2,185,81,652,2,0.909782608695652,837,920,cult_other,20,who
cd4_high_200,Affolabi,18,32,1586,1971,385,14,18,1586,385,14,0.201198202695956,403,2003,cult_other,2,who
cd4_high_200,Ahmad,22,30,212,400,188,8,22,212,188,8,0.488372093023256,210,430,cult_other,7,who
cd4_high_200,Al Darraji,7,8,27,80,53,1,7,27,53,1,0.681818181818182,60,88,cult_other,9,who
cd4_high_200,Balcha,40,46,96,379,283,6,40,96,283,6,0.76,323,425,cult,11,who
cd4_high_200,Bjerrum,9,10,22,134,112,1,9,22,112,1,0.840277777777778,121,144,cult_other,7,who
cd4_high_200,Gersh,0,3,240,270,30,3,0,240,30,3,0.10989010989011,30,273,cult_other,1,who
cd4_high_200,Hanifa,2,3,1,15,14,1,2,1,14,1,0.888888888888889,16,18,cult_other,17,who
cd4_high_200,Hoffmann,5,22,1005,1176,171,17,5,1005,171,17,0.146911519198664,176,1198,cult_other,2,who
cd4_high_200,Kemper,2,2,24,36,12,0,2,24,12,0,0.368421052631579,14,38,cult_other,5,who
cd4_high_200,Kerkhoff,24,24,28,165,137,0,24,28,137,0,0.851851851851852,161,189,cult_other,13,who
cd4_high_200,Kufa,4,4,41,217,176,0,4,41,176,0,0.81447963800905,180,221,cult,2,who
cd4_high_200,LaCourse,3,6,173,219,46,3,3,173,46,3,0.217777777777778,49,225,cult_other,3,who
cd4_high_200,Mbu,42,50,106,546,440,8,42,106,440,8,0.808724832214765,482,596,cult_other,8,who
cd4_high_200,Modi,15,30,269,449,180,15,15,269,180,15,0.407098121085595,195,479,cult_other,6,who
cd4_high_200,Nguyen,7,16,192,294,102,9,7,192,102,9,0.351612903225806,109,310,cult_other,5,who
cd4_high_200,Rangaka,10,34,666,722,56,24,10,666,56,24,0.0873015873015873,66,756,cult_other,4,who
cd4_high_200,Reeve,24,41,245,470,225,17,24,245,225,17,0.487279843444227,249,511,cult_other,8,who
cd4_high_200,Shapiro,13,15,117,269,152,2,13,117,152,2,0.580985915492958,165,284,cult_other,5,who
cd4_high_200,Swindells,26,29,189,472,283,3,26,189,283,3,0.616766467065868,309,501,cult_other,6,who
cd4_high_200,Thit,2,4,180,300,120,2,2,180,120,2,0.401315789473684,122,304,cult_other,1,who
cd4_high_200,Yoon,38,45,100,560,460,7,38,100,460,7,0.823140495867769,498,605,cult_other,7,who
pregnant,Bjerrum,1,1,10,23,13,0,1,10,13,0,0.583333333333333,14,24,cult_other,4,who
pregnant,Hoffmann,10,35,1152,1369,217,25,10,1152,217,25,0.161680911680912,227,1404,cult_other,2,who
pregnant,Kerkhoff,0,0,11,20,9,0,0,11,9,0,0.45,9,20,cult_other,0,who
pregnant,Kufa,1,1,5,10,5,0,1,5,5,0,0.545454545454545,6,11,cult,9,who
pregnant,LaCourse,3,7,231,285,54,4,3,231,54,4,0.195205479452055,57,292,cult_other,2,who
pregnant,Modi,2,5,95,126,31,3,2,95,31,3,0.251908396946565,33,131,cult_other,4,who
pregnant,Swindells,1,1,3,9,6,0,1,3,6,0,0.7,7,10,cult_other,10,who
pregnant,Yoon,2,2,8,41,33,0,2,8,33,0,0.813953488372093,35,43,cult_other,5,who
all,Affolabi,39,84,2138,2647,509,45,39,2138,509,45,0.200659099231051,548,2731,cult_other,3,bmi
all,Ahmad,10,51,483,524,41,41,10,483,41,41,0.088695652173913,51,575,cult_other,9,bmi
all,Al Darraji,2,15,103,110,7,13,2,103,7,13,0.072,9,125,cult_other,12,bmi
all,Balcha,77,121,401,677,276,44,77,401,276,44,0.442355889724311,353,798,cult,15,bmi
all,Bjerrum,23,36,241,354,113,13,23,241,113,13,0.348717948717949,136,390,cult_other,9,bmi
all,Gersh,1,5,334,378,44,4,1,334,44,4,0.117493472584856,45,383,cult_other,1,bmi
all,Hanifa,23,64,210,285,75,41,23,210,75,41,0.28080229226361,98,349,cult_other,18,bmi
all,Kemper,3,12,81,88,7,9,3,81,7,9,0.1,10,100,cult_other,12,bmi
all,Kerkhoff,15,89,407,432,25,74,15,407,25,74,0.0767754318618042,40,521,cult_other,17,bmi
all,Kufa,6,23,354,380,26,17,6,354,26,17,0.0794044665012407,32,403,cult,6,bmi
all,LaCourse,0,7,275,285,10,7,0,275,10,7,0.0342465753424658,10,292,cult_other,2,bmi
all,Modi,31,69,453,565,112,38,31,453,112,38,0.225552050473186,143,634,cult_other,11,bmi
all,Rangaka,14,126,1276,1303,27,112,14,1276,27,112,0.0286913925822253,41,1429,cult_other,9,bmi
all,Reeve,19,92,641,700,59,73,19,641,59,73,0.0984848484848485,78,792,cult_other,12,bmi
all,Shapiro,9,42,362,383,21,33,9,362,21,33,0.0705882352941176,30,425,cult_other,10,bmi
all,Swindells,12,56,562,663,101,44,12,562,101,44,0.157162726008345,113,719,cult_other,8,bmi
all,Thit,4,10,370,451,81,6,4,370,81,6,0.184381778741866,85,461,cult_other,2,bmi
all,Yoon,98,232,1076,1291,215,134,98,1076,215,134,0.205515430072226,313,1523,cult_other,15,bmi
art,Affolabi,9,30,1473,1746,273,21,9,1473,273,21,0.158783783783784,282,1776,cult_other,2,bmi
art,Ahmad,3,20,356,381,25,17,3,356,25,17,0.0698254364089776,28,401,cult_other,5,bmi
art,Gersh,1,5,330,374,44,4,1,330,44,4,0.118733509234829,45,379,cult_other,1,bmi
art,Kufa,2,8,189,200,11,6,2,189,11,6,0.0625,13,208,cult,4,bmi
art,LaCourse,0,4,150,155,5,4,0,150,5,4,0.0314465408805031,5,159,cult_other,3,bmi
art,Rangaka,2,42,720,733,13,40,2,720,13,40,0.0193548387096774,15,775,cult_other,5,bmi
art,Thit,3,9,274,329,55,6,3,274,55,6,0.171597633136095,58,338,cult_other,3,bmi
noart,Affolabi,30,54,665,901,236,24,30,665,236,24,0.278534031413613,266,955,cult_other,6,bmi
noart,Ahmad,7,31,127,143,16,24,7,127,16,24,0.132183908045977,23,174,cult_other,18,bmi
noart,Balcha,77,121,401,677,276,44,77,401,276,44,0.442355889724311,353,798,cult,15,bmi
noart,Bjerrum,23,36,241,354,113,13,23,241,113,13,0.348717948717949,136,390,cult_other,9,bmi
noart,Gersh,0,0,1,1,0,0,0,1,0,0,0,0,1,cult_other,0,bmi
noart,Hanifa,23,64,210,285,75,41,23,210,75,41,0.28080229226361,98,349,cult_other,18,bmi
noart,Kemper,3,12,81,88,7,9,3,81,7,9,0.1,10,100,cult_other,12,bmi
noart,Kerkhoff,15,89,407,432,25,74,15,407,25,74,0.0767754318618042,40,521,cult_other,17,bmi
noart,Kufa,4,15,165,180,15,11,4,165,15,11,0.0974358974358974,19,195,cult,8,bmi
noart,LaCourse,0,3,125,130,5,3,0,125,5,3,0.037593984962406,5,133,cult_other,2,bmi
noart,Modi,31,69,453,565,112,38,31,453,112,38,0.225552050473186,143,634,cult_other,11,bmi
noart,Rangaka,12,84,556,570,14,72,12,556,14,72,0.0397553516819572,26,654,cult_other,13,bmi
noart,Reeve,19,92,641,700,59,73,19,641,59,73,0.0984848484848485,78,792,cult_other,12,bmi
noart,Shapiro,9,42,362,383,21,33,9,362,21,33,0.0705882352941176,30,425,cult_other,10,bmi
noart,Swindells,12,56,562,663,101,44,12,562,101,44,0.157162726008345,113,719,cult_other,8,bmi
noart,Thit,1,1,96,122,26,0,1,96,26,0,0.219512195121951,27,123,cult_other,1,bmi
noart,Yoon,98,232,1076,1291,215,134,98,1076,215,134,0.205515430072226,313,1523,cult_other,15,bmi
cd4_less_200,Affolabi,24,47,430,631,201,23,24,430,201,23,0.331858407079646,225,678,cult_other,7,bmi
cd4_less_200,Ahmad,7,23,125,143,18,16,7,125,18,16,0.150602409638554,25,166,cult_other,14,bmi
cd4_less_200,Al Darraji,2,7,28,30,2,5,2,28,2,5,0.108108108108108,4,37,cult_other,19,bmi
cd4_less_200,Balcha,53,76,150,301,151,23,53,150,151,23,0.541114058355438,204,377,cult,20,bmi
cd4_less_200,Bjerrum,18,25,126,214,88,7,18,126,88,7,0.443514644351464,106,239,cult_other,10,bmi
cd4_less_200,Gersh,1,2,35,41,6,1,1,35,6,1,0.162790697674419,7,43,cult_other,5,bmi
cd4_less_200,Hanifa,21,60,201,270,69,39,21,201,69,39,0.272727272727273,90,330,cult_other,18,bmi
cd4_less_200,Kemper,3,10,47,54,7,7,3,47,7,7,0.15625,10,64,cult_other,16,bmi
cd4_less_200,Kerkhoff,12,64,246,267,21,52,12,246,21,52,0.0996978851963746,33,331,cult_other,19,bmi
cd4_less_200,Kufa,6,19,152,169,17,13,6,152,17,13,0.122340425531915,23,188,cult,10,bmi
cd4_less_200,LaCourse,0,0,16,17,1,0,0,16,1,0,0.0588235294117647,1,17,cult_other,0,bmi
cd4_less_200,Modi,19,38,104,145,41,19,19,104,41,19,0.327868852459016,60,183,cult_other,21,bmi
cd4_less_200,Rangaka,12,92,565,581,16,80,12,565,16,80,0.0416047548291233,28,673,cult_other,14,bmi
cd4_less_200,Reeve,9,41,138,161,23,32,9,138,23,32,0.158415841584158,32,202,cult_other,20,bmi
cd4_less_200,Shapiro,6,25,93,102,9,19,6,93,9,19,0.118110236220472,15,127,cult_other,20,bmi
cd4_less_200,Swindells,7,27,145,192,47,20,7,145,47,20,0.246575342465753,54,219,cult_other,12,bmi
cd4_less_200,Thit,2,5,119,153,34,3,2,119,34,3,0.227848101265823,36,158,cult_other,3,bmi
cd4_less_200,Yoon,86,187,566,731,165,101,86,566,165,101,0.273420479302832,251,918,cult_other,20,bmi
cd4_high_200,Affolabi,11,32,1659,1952,293,21,11,1659,293,21,0.153225806451613,304,1984,cult_other,2,bmi
cd4_high_200,Ahmad,3,28,358,381,23,25,3,358,23,25,0.0635696821515893,26,409,cult_other,7,bmi
cd4_high_200,Al Darraji,0,8,75,80,5,8,0,75,5,8,0.0568181818181818,5,88,cult_other,9,bmi
cd4_high_200,Balcha,24,45,249,371,122,21,24,249,122,21,0.350961538461538,146,416,cult,11,bmi
cd4_high_200,Bjerrum,4,10,110,133,23,6,4,110,23,6,0.188811188811189,27,143,cult_other,7,bmi
cd4_high_200,Gersh,0,3,238,268,30,3,0,238,30,3,0.11070110701107,30,271,cult_other,1,bmi
cd4_high_200,Hanifa,1,3,8,14,6,2,1,8,6,2,0.411764705882353,7,17,cult_other,18,bmi
cd4_high_200,Kemper,0,2,34,34,0,2,0,34,0,2,0,0,36,cult_other,6,bmi
cd4_high_200,Kerkhoff,3,24,160,164,4,21,3,160,4,21,0.0372340425531915,7,188,cult_other,13,bmi
cd4_high_200,Kufa,0,4,202,211,9,4,0,202,9,4,0.0418604651162791,9,215,cult,2,bmi
cd4_high_200,LaCourse,0,6,212,219,7,6,0,212,7,6,0.0311111111111111,7,225,cult_other,3,bmi
cd4_high_200,Modi,9,26,330,391,61,17,9,330,61,17,0.167865707434053,70,417,cult_other,6,bmi
cd4_high_200,Rangaka,2,34,711,722,11,32,2,711,11,32,0.0171957671957672,13,756,cult_other,4,bmi
cd4_high_200,Reeve,8,41,441,468,27,33,8,441,27,33,0.068762278978389,35,509,cult_other,8,bmi
cd4_high_200,Shapiro,3,15,258,269,11,12,3,258,11,12,0.0492957746478873,14,284,cult_other,5,bmi
cd4_high_200,Swindells,5,29,414,468,54,24,5,414,54,24,0.118712273641851,59,497,cult_other,6,bmi
cd4_high_200,Thit,1,4,251,298,47,3,1,251,47,3,0.158940397350993,48,302,cult_other,1,bmi
cd4_high_200,Yoon,12,45,510,560,50,33,12,510,50,33,0.102479338842975,62,605,cult_other,7,bmi
pregnant,Bjerrum,0,1,21,22,1,1,0,21,1,1,0.0434782608695652,1,23,cult_other,4,bmi
pregnant,Kerkhoff,0,0,20,20,0,0,0,20,0,0,0,0,20,cult_other,0,bmi
pregnant,Kufa,0,1,9,9,0,1,0,9,0,1,0,0,10,cult,10,bmi
pregnant,LaCourse,0,7,275,285,10,7,0,275,10,7,0.0342465753424658,10,292,cult_other,2,bmi
pregnant,Modi,0,2,71,72,1,2,0,71,1,2,0.0135135135135135,1,74,cult_other,3,bmi
pregnant,Swindells,0,1,7,9,2,1,0,7,2,1,0.2,2,10,cult_other,10,bmi
pregnant,Yoon,2,2,39,41,2,0,2,39,2,0,0.0930232558139535,4,43,cult_other,5,bmi
all,Al Darraji,1,15,97,110,13,14,1,97,13,14,0.112,14,125,cult_other,12,cough_2w
all,Bjerrum,23,37,250,357,107,14,23,250,107,14,0.32994923857868,130,394,cult_other,9,cough_2w
all,Gersh,0,5,374,382,8,5,0,374,8,5,0.020671834625323,8,387,cult_other,1,cough_2w
all,Hanifa,33,64,217,287,70,31,33,217,70,31,0.293447293447293,103,351,cult_other,18,cough_2w
all,Hoffmann,7,35,1322,1369,47,28,7,1322,47,28,0.0384615384615385,54,1404,cult_other,2,cough_2w
all,Kemper,7,12,70,90,20,5,7,70,20,5,0.264705882352941,27,102,cult_other,12,cough_2w
all,Kerkhoff,22,89,348,433,85,67,22,348,85,67,0.204980842911877,107,522,cult_other,17,cough_2w
all,Kufa,18,24,239,372,133,6,18,239,133,6,0.381313131313131,151,396,cult,6,cough_2w
all,LaCourse,2,7,273,285,12,5,2,273,12,5,0.0479452054794521,14,292,cult_other,2,cough_2w
all,Mbu,49,131,630,809,179,82,49,630,179,82,0.242553191489362,228,940,cult_other,14,cough_2w
all,Modi,30,71,520,628,108,41,30,520,108,41,0.197424892703863,138,699,cult_other,10,cough_2w
all,Nguyen,10,28,274,369,95,18,10,274,95,18,0.26448362720403,105,397,cult_other,7,cough_2w
all,Rangaka,26,126,1247,1303,56,100,26,1247,56,100,0.0573827851644507,82,1429,cult_other,9,cough_2w
all,Reeve,40,93,579,703,124,53,40,579,124,53,0.206030150753769,164,796,cult_other,12,cough_2w
all,Shapiro,28,42,280,381,101,14,28,280,101,14,0.304964539007092,129,423,cult_other,10,cough_2w
all,Swindells,34,56,473,668,195,22,34,473,195,22,0.316298342541436,229,724,cult_other,8,cough_2w
all,Yoon,128,232,902,1293,391,104,128,902,391,104,0.340327868852459,519,1525,cult_other,15,cough_2w
art,Gersh,0,5,370,378,8,5,0,370,8,5,0.02088772845953,8,383,cult_other,1,cough_2w
art,Hoffmann,0,0,2,2,0,0,0,2,0,0,0,0,2,cult_other,0,cough_2w
art,Kufa,7,8,120,189,69,1,7,120,69,1,0.385786802030457,76,197,cult,4,cough_2w
art,LaCourse,1,4,148,155,7,3,1,148,7,3,0.050314465408805,8,159,cult_other,3,cough_2w
art,Nguyen,6,15,159,215,56,9,6,159,56,9,0.269565217391304,62,230,cult_other,7,cough_2w
art,Rangaka,2,42,722,733,11,40,2,722,11,40,0.0167741935483871,13,775,cult_other,5,cough_2w
noart,Bjerrum,23,37,250,357,107,14,23,250,107,14,0.32994923857868,130,394,cult_other,9,cough_2w
noart,Gersh,0,0,1,1,0,0,0,1,0,0,0,0,1,cult_other,0,cough_2w
noart,Hanifa,33,64,217,287,70,31,33,217,70,31,0.293447293447293,103,351,cult_other,18,cough_2w
noart,Hoffmann,7,35,1320,1367,47,28,7,1320,47,28,0.0385164051355207,54,1402,cult_other,2,cough_2w
noart,Kemper,7,12,70,90,20,5,7,70,20,5,0.264705882352941,27,102,cult_other,12,cough_2w
noart,Kerkhoff,22,89,348,433,85,67,22,348,85,67,0.204980842911877,107,522,cult_other,17,cough_2w
noart,Kufa,11,16,119,183,64,5,11,119,64,5,0.376884422110553,75,199,cult,8,cough_2w
noart,LaCourse,1,3,125,130,5,2,1,125,5,2,0.0451127819548872,6,133,cult_other,2,cough_2w
noart,Mbu,49,131,630,809,179,82,49,630,179,82,0.242553191489362,228,940,cult_other,14,cough_2w
noart,Modi,30,71,520,628,108,41,30,520,108,41,0.197424892703863,138,699,cult_other,10,cough_2w
noart,Nguyen,4,13,115,154,39,9,4,115,39,9,0.25748502994012,43,167,cult_other,8,cough_2w
noart,Rangaka,24,84,525,570,45,60,24,525,45,60,0.105504587155963,69,654,cult_other,13,cough_2w
noart,Reeve,40,93,579,703,124,53,40,579,124,53,0.206030150753769,164,796,cult_other,12,cough_2w
noart,Shapiro,28,42,280,381,101,14,28,280,101,14,0.304964539007092,129,423,cult_other,10,cough_2w
noart,Swindells,34,56,473,668,195,22,34,473,195,22,0.316298342541436,229,724,cult_other,8,cough_2w
noart,Yoon,128,232,902,1293,391,104,128,902,391,104,0.340327868852459,519,1525,cult_other,15,cough_2w
cd4_less_200,Al Darraji,1,7,25,30,5,6,1,25,5,6,0.162162162162162,6,37,cult_other,19,cough_2w
cd4_less_200,Bjerrum,15,26,145,216,71,11,15,145,71,11,0.355371900826446,86,242,cult_other,11,cough_2w
cd4_less_200,Gersh,0,2,41,42,1,2,0,41,1,2,0.0227272727272727,1,44,cult_other,5,cough_2w
cd4_less_200,Hanifa,31,60,208,271,63,29,31,208,63,29,0.283987915407855,94,331,cult_other,18,cough_2w
cd4_less_200,Hoffmann,4,13,156,166,10,9,4,156,10,9,0.0782122905027933,14,179,cult_other,7,cough_2w
cd4_less_200,Kemper,5,10,41,54,13,5,5,41,13,5,0.28125,18,64,cult_other,16,cough_2w
cd4_less_200,Kerkhoff,18,64,210,267,57,46,18,210,57,46,0.226586102719033,75,331,cult_other,19,cough_2w
cd4_less_200,Kufa,16,20,106,169,63,4,16,106,63,4,0.417989417989418,79,189,cult,11,cough_2w
cd4_less_200,LaCourse,0,0,17,17,0,0,0,17,0,0,0,0,17,cult_other,0,cough_2w
cd4_less_200,Mbu,31,81,176,263,87,50,31,176,87,50,0.343023255813954,118,344,cult_other,24,cough_2w
cd4_less_200,Modi,16,37,107,149,42,21,16,107,42,21,0.311827956989247,58,186,cult_other,20,cough_2w
cd4_less_200,Nguyen,6,12,51,75,24,6,6,51,24,6,0.344827586206897,30,87,cult_other,14,cough_2w
cd4_less_200,Rangaka,23,92,541,581,40,69,23,541,40,69,0.0936106983655275,63,673,cult_other,14,cough_2w
cd4_less_200,Reeve,21,42,119,162,43,21,21,119,43,21,0.313725490196078,64,204,cult_other,21,cough_2w
cd4_less_200,Shapiro,14,25,63,102,39,11,14,63,39,11,0.417322834645669,53,127,cult_other,20,cough_2w
cd4_less_200,Swindells,17,27,108,195,87,10,17,108,87,10,0.468468468468469,104,222,cult_other,12,cough_2w
cd4_less_200,Yoon,104,187,470,733,263,83,104,470,263,83,0.398913043478261,367,920,cult_other,20,cough_2w
cd4_high_200,Al Darraji,0,8,72,80,8,8,0,72,8,8,0.0909090909090909,8,88,cult_other,9,cough_2w
cd4_high_200,Bjerrum,7,10,101,134,33,3,7,101,33,3,0.277777777777778,40,144,cult_other,7,cough_2w
cd4_high_200,Gersh,0,3,265,270,5,3,0,265,5,3,0.0183150183150183,5,273,cult_other,1,cough_2w
cd4_high_200,Hanifa,1,3,8,15,7,2,1,8,7,2,0.444444444444444,8,18,cult_other,17,cough_2w
cd4_high_200,Hoffmann,3,22,1139,1176,37,19,3,1139,37,19,0.0333889816360601,40,1198,cult_other,2,cough_2w
cd4_high_200,Kemper,2,2,29,36,7,0,2,29,7,0,0.236842105263158,9,38,cult_other,5,cough_2w
cd4_high_200,Kerkhoff,4,24,138,165,27,20,4,138,27,20,0.164021164021164,31,189,cult_other,13,cough_2w
cd4_high_200,Kufa,2,4,133,203,70,2,2,133,70,2,0.347826086956522,72,207,cult,2,cough_2w
cd4_high_200,LaCourse,2,6,208,219,11,4,2,208,11,4,0.0577777777777778,13,225,cult_other,3,cough_2w
cd4_high_200,Mbu,18,50,454,546,92,32,18,454,92,32,0.184563758389262,110,596,cult_other,8,cough_2w
cd4_high_200,Modi,11,29,376,440,64,18,11,376,64,18,0.159914712153518,75,469,cult_other,6,cough_2w
cd4_high_200,Nguyen,4,16,223,294,71,12,4,223,71,12,0.241935483870968,75,310,cult_other,5,cough_2w
cd4_high_200,Rangaka,3,34,706,722,16,31,3,706,16,31,0.0251322751322751,19,756,cult_other,4,cough_2w
cd4_high_200,Reeve,15,41,401,470,69,26,15,401,69,26,0.164383561643836,84,511,cult_other,8,cough_2w
cd4_high_200,Shapiro,12,15,211,267,56,3,12,211,56,3,0.24113475177305,68,282,cult_other,5,cough_2w
cd4_high_200,Swindells,17,29,363,471,108,12,17,363,108,12,0.25,125,500,cult_other,6,cough_2w
cd4_high_200,Yoon,24,45,432,560,128,21,24,432,128,21,0.251239669421488,152,605,cult_other,7,cough_2w
pregnant,Bjerrum,1,1,21,23,2,0,1,21,2,0,0.125,3,24,cult_other,4,cough_2w
pregnant,Hoffmann,7,35,1322,1369,47,28,7,1322,47,28,0.0384615384615385,54,1404,cult_other,2,cough_2w
pregnant,Kerkhoff,0,0,18,20,2,0,0,18,2,0,0.1,2,20,cult_other,0,cough_2w
pregnant,Kufa,1,1,7,9,2,0,1,7,2,0,0.3,3,10,cult,10,cough_2w
pregnant,LaCourse,2,7,273,285,12,5,2,273,12,5,0.0479452054794521,14,292,cult_other,2,cough_2w
pregnant,Modi,1,5,117,125,8,4,1,117,8,4,0.0692307692307692,9,130,cult_other,4,cough_2w
pregnant,Swindells,1,1,7,9,2,0,1,7,2,0,0.3,3,10,cult_other,10,cough_2w
pregnant,Yoon,1,2,34,41,7,1,1,34,7,1,0.186046511627907,8,43,cult_other,5,cough_2w
all,Affolabi,50,85,2174,2681,507,35,50,2174,507,35,0.201373825018077,557,2766,cult_other,3,cough
all,Ahmad,37,57,368,554,186,20,37,368,186,20,0.364975450081833,223,611,cult_other,9,cough
all,Al Darraji,8,15,56,110,54,7,8,56,54,7,0.496,62,125,cult_other,12,cough
all,Balcha,75,124,434,684,250,49,75,434,250,49,0.402227722772277,325,808,cult,15,cough
all,Bjerrum,26,37,211,357,146,11,26,211,146,11,0.436548223350254,172,394,cult_other,9,cough
all,Gersh,0,5,346,382,36,5,0,346,36,5,0.0930232558139535,36,387,cult_other,1,cough
all,Hanifa,43,64,169,287,118,21,43,169,118,21,0.458689458689459,161,351,cult_other,18,cough
all,Hoffmann,8,35,1267,1369,102,27,8,1267,102,27,0.0783475783475783,110,1404,cult_other,2,cough
all,Kemper,7,12,69,90,21,5,7,69,21,5,0.274509803921569,28,102,cult_other,12,cough
all,Kerkhoff,59,89,232,433,201,30,59,232,201,30,0.498084291187739,260,522,cult_other,17,cough
all,Kufa,20,24,210,391,181,4,20,210,181,4,0.48433734939759,201,415,cult,6,cough
all,LaCourse,2,7,243,285,42,5,2,243,42,5,0.150684931506849,44,292,cult_other,2,cough
all,Mbu,88,131,449,809,360,43,88,449,360,43,0.476595744680851,448,940,cult_other,14,cough
all,Modi,30,68,485,626,141,38,30,485,141,38,0.246397694524496,171,694,cult_other,10,cough
all,Nguyen,10,28,274,369,95,18,10,274,95,18,0.26448362720403,105,397,cult_other,7,cough
all,Rangaka,31,126,1209,1303,94,95,31,1209,94,95,0.0874737578726382,125,1429,cult_other,9,cough
all,Reeve,47,93,507,703,196,46,47,507,196,46,0.305276381909548,243,796,cult_other,12,cough
all,Shapiro,32,42,224,383,159,10,32,224,159,10,0.449411764705882,191,425,cult_other,10,cough
all,Swindells,42,56,398,667,269,14,42,398,269,14,0.43015214384509,311,723,cult_other,8,cough
all,Thit,6,10,384,452,68,4,6,384,68,4,0.16017316017316,74,462,cult_other,2,cough
all,Yoon,171,232,700,1293,593,61,171,700,593,61,0.500983606557377,764,1525,cult_other,15,cough
art,Affolabi,12,30,1497,1759,262,18,12,1497,262,18,0.153158188932364,274,1789,cult_other,2,cough
art,Ahmad,12,24,279,399,120,12,12,279,120,12,0.312056737588653,132,423,cult_other,6,cough
art,Gersh,0,5,342,378,36,5,0,342,36,5,0.0939947780678851,36,383,cult_other,1,cough
art,Hoffmann,0,0,1,2,1,0,0,1,1,0,0.5,1,2,cult_other,0,cough
art,Kufa,8,8,107,202,95,0,8,107,95,0,0.49047619047619,103,210,cult,4,cough
art,LaCourse,1,4,136,155,19,3,1,136,19,3,0.125786163522013,20,159,cult_other,3,cough
art,Nguyen,6,15,159,215,56,9,6,159,56,9,0.269565217391304,62,230,cult_other,7,cough
art,Rangaka,5,42,701,733,32,37,5,701,32,37,0.047741935483871,37,775,cult_other,5,cough
art,Thit,5,9,291,329,38,4,5,291,38,4,0.127218934911243,43,338,cult_other,3,cough
noart,Affolabi,38,55,677,922,245,17,38,677,245,17,0.289662231320369,283,977,cult_other,6,cough
noart,Ahmad,25,33,89,155,66,8,25,89,66,8,0.484042553191489,91,188,cult_other,18,cough
noart,Balcha,75,124,434,684,250,49,75,434,250,49,0.402227722772277,325,808,cult,15,cough
noart,Bjerrum,26,37,211,357,146,11,26,211,146,11,0.436548223350254,172,394,cult_other,9,cough
noart,Gersh,0,0,1,1,0,0,0,1,0,0,0,0,1,cult_other,0,cough
noart,Hanifa,43,64,169,287,118,21,43,169,118,21,0.458689458689459,161,351,cult_other,18,cough
noart,Hoffmann,8,35,1266,1367,101,27,8,1266,101,27,0.0777460770328103,109,1402,cult_other,2,cough
noart,Kemper,7,12,69,90,21,5,7,69,21,5,0.274509803921569,28,102,cult_other,12,cough
noart,Kerkhoff,59,89,232,433,201,30,59,232,201,30,0.498084291187739,260,522,cult_other,17,cough
noart,Kufa,12,16,103,189,86,4,12,103,86,4,0.478048780487805,98,205,cult,8,cough
noart,LaCourse,1,3,107,130,23,2,1,107,23,2,0.180451127819549,24,133,cult_other,2,cough
noart,Mbu,88,131,449,809,360,43,88,449,360,43,0.476595744680851,448,940,cult_other,14,cough
noart,Modi,30,68,485,626,141,38,30,485,141,38,0.246397694524496,171,694,cult_other,10,cough
noart,Nguyen,4,13,115,154,39,9,4,115,39,9,0.25748502994012,43,167,cult_other,8,cough
noart,Rangaka,26,84,508,570,62,58,26,508,62,58,0.134556574923547,88,654,cult_other,13,cough
noart,Reeve,47,93,507,703,196,46,47,507,196,46,0.305276381909548,243,796,cult_other,12,cough
noart,Shapiro,32,42,224,383,159,10,32,224,159,10,0.449411764705882,191,425,cult_other,10,cough
noart,Swindells,42,56,398,667,269,14,42,398,269,14,0.43015214384509,311,723,cult_other,8,cough
noart,Thit,1,1,93,123,30,0,1,93,30,0,0.25,31,124,cult_other,1,cough
noart,Yoon,171,232,700,1293,593,61,171,700,593,61,0.500983606557377,764,1525,cult_other,15,cough
cd4_less_200,Affolabi,32,48,444,642,198,16,32,444,198,16,0.333333333333333,230,690,cult_other,7,cough
cd4_less_200,Ahmad,18,27,94,154,60,9,18,94,60,9,0.430939226519337,78,181,cult_other,15,cough
cd4_less_200,Al Darraji,3,7,18,30,12,4,3,18,12,4,0.405405405405405,15,37,cult_other,19,cough
cd4_less_200,Balcha,50,78,174,300,126,28,50,174,126,28,0.465608465608466,176,378,cult,21,cough
cd4_less_200,Bjerrum,18,26,123,216,93,8,18,123,93,8,0.458677685950413,111,242,cult_other,11,cough
cd4_less_200,Gersh,0,2,38,42,4,2,0,38,4,2,0.0909090909090909,4,44,cult_other,5,cough
cd4_less_200,Hanifa,41,60,162,271,109,19,41,162,109,19,0.453172205438067,150,331,cult_other,18,cough
cd4_less_200,Hoffmann,4,13,146,166,20,9,4,146,20,9,0.134078212290503,24,179,cult_other,7,cough
cd4_less_200,Kemper,5,10,41,54,13,5,5,41,13,5,0.28125,18,64,cult_other,16,cough
cd4_less_200,Kerkhoff,43,64,141,267,126,21,43,141,126,21,0.510574018126888,169,331,cult_other,19,cough
cd4_less_200,Kufa,17,20,91,174,83,3,17,91,83,3,0.515463917525773,100,194,cult,10,cough
cd4_less_200,LaCourse,0,0,16,17,1,0,0,16,1,0,0.0588235294117647,1,17,cult_other,0,cough
cd4_less_200,Mbu,59,81,107,263,156,22,59,107,156,22,0.625,215,344,cult_other,24,cough
cd4_less_200,Modi,16,37,97,147,50,21,16,97,50,21,0.358695652173913,66,184,cult_other,20,cough
cd4_less_200,Nguyen,6,12,51,75,24,6,6,51,24,6,0.344827586206897,30,87,cult_other,14,cough
cd4_less_200,Rangaka,25,92,526,581,55,67,25,526,55,67,0.118870728083209,80,673,cult_other,14,cough
cd4_less_200,Reeve,26,42,92,162,70,16,26,92,70,16,0.470588235294118,96,204,cult_other,21,cough
cd4_less_200,Shapiro,17,25,42,102,60,8,17,42,60,8,0.606299212598425,77,127,cult_other,20,cough
cd4_less_200,Swindells,18,27,93,195,102,9,18,93,102,9,0.540540540540541,120,222,cult_other,12,cough
cd4_less_200,Thit,4,5,114,153,39,1,4,114,39,1,0.272151898734177,43,158,cult_other,3,cough
cd4_less_200,Yoon,141,187,353,733,380,46,141,353,380,46,0.566304347826087,521,920,cult_other,20,cough
cd4_high_200,Affolabi,17,32,1687,1971,284,15,17,1687,284,15,0.150274588117823,301,2003,cult_other,2,cough
cd4_high_200,Ahmad,19,30,274,400,126,11,19,274,126,11,0.337209302325581,145,430,cult_other,7,cough
cd4_high_200,Al Darraji,5,8,38,80,42,3,5,38,42,3,0.534090909090909,47,88,cult_other,9,cough
cd4_high_200,Balcha,25,46,255,379,124,21,25,255,124,21,0.350588235294118,149,425,cult,11,cough
cd4_high_200,Bjerrum,7,10,85,134,49,3,7,85,49,3,0.388888888888889,56,144,cult_other,7,cough
cd4_high_200,Gersh,0,3,248,270,22,3,0,248,22,3,0.0805860805860806,22,273,cult_other,1,cough
cd4_high_200,Hanifa,1,3,7,15,8,2,1,7,8,2,0.5,9,18,cult_other,17,cough
cd4_high_200,Hoffmann,4,22,1097,1176,79,18,4,1097,79,18,0.0692821368948247,83,1198,cult_other,2,cough
cd4_high_200,Kemper,2,2,28,36,8,0,2,28,8,0,0.263157894736842,10,38,cult_other,5,cough
cd4_high_200,Kerkhoff,16,24,91,165,74,8,16,91,74,8,0.476190476190476,90,189,cult_other,13,cough
cd4_high_200,Kufa,3,4,119,217,98,1,3,119,98,1,0.457013574660634,101,221,cult,2,cough
cd4_high_200,LaCourse,2,6,184,219,35,4,2,184,35,4,0.164444444444444,37,225,cult_other,3,cough
cd4_high_200,Mbu,29,50,342,546,204,21,29,342,204,21,0.390939597315436,233,596,cult_other,8,cough
cd4_high_200,Modi,11,26,354,439,85,15,11,354,85,15,0.206451612903226,96,465,cult_other,6,cough
cd4_high_200,Nguyen,4,16,223,294,71,12,4,223,71,12,0.241935483870968,75,310,cult_other,5,cough
cd4_high_200,Rangaka,6,34,683,722,39,28,6,683,39,28,0.0595238095238095,45,756,cult_other,4,cough
cd4_high_200,Reeve,17,41,362,470,108,24,17,362,108,24,0.244618395303327,125,511,cult_other,8,cough
cd4_high_200,Shapiro,13,15,177,269,92,2,13,177,92,2,0.369718309859155,105,284,cult_other,5,cough
cd4_high_200,Swindells,24,29,303,470,167,5,24,303,167,5,0.382765531062124,191,499,cult_other,6,cough
cd4_high_200,Thit,1,4,270,299,29,3,1,270,29,3,0.099009900990099,30,303,cult_other,1,cough
cd4_high_200,Yoon,30,45,347,560,213,15,30,347,213,15,0.401652892561983,243,605,cult_other,7,cough
pregnant,Bjerrum,1,1,19,23,4,0,1,19,4,0,0.208333333333333,5,24,cult_other,4,cough
pregnant,Hoffmann,8,35,1267,1369,102,27,8,1267,102,27,0.0783475783475783,110,1404,cult_other,2,cough
pregnant,Kerkhoff,0,0,14,20,6,0,0,14,6,0,0.3,6,20,cult_other,0,cough
pregnant,Kufa,1,1,7,10,3,0,1,7,3,0,0.363636363636364,4,11,cult,9,cough
pregnant,LaCourse,2,7,243,285,42,5,2,243,42,5,0.150684931506849,44,292,cult_other,2,cough
pregnant,Modi,2,5,112,124,12,3,2,112,12,3,0.108527131782946,14,129,cult_other,4,cough
pregnant,Swindells,1,1,5,9,4,0,1,5,4,0,0.5,5,10,cult_other,10,cough
pregnant,Yoon,2,2,27,41,14,0,2,27,14,0,0.372093023255814,16,43,cult_other,5,cough
all,Gersh,1,5,342,380,38,4,1,342,38,4,0.101298701298701,39,385,cult_other,1,crp_10
all,Kerkhoff,74,86,239,416,177,12,74,239,177,12,0.5,251,502,cult_other,17,crp_10
all,Reeve,69,89,415,645,230,20,69,415,230,20,0.407356948228883,299,734,cult_other,12,crp_10
all,Shapiro,33,42,276,383,107,9,33,276,107,9,0.329411764705882,140,425,cult_other,10,crp_10
all,Yoon,196,232,963,1293,330,36,196,963,330,36,0.344918032786885,526,1525,cult_other,15,crp_10
art,Gersh,1,5,340,376,36,4,1,340,36,4,0.0971128608923885,37,381,cult_other,1,crp_10
noart,Gersh,0,0,0,1,1,0,0,0,1,0,1,1,1,cult_other,0,crp_10
noart,Kerkhoff,74,86,239,416,177,12,74,239,177,12,0.5,251,502,cult_other,17,crp_10
noart,Reeve,69,89,415,645,230,20,69,415,230,20,0.407356948228883,299,734,cult_other,12,crp_10
noart,Shapiro,33,42,276,383,107,9,33,276,107,9,0.329411764705882,140,425,cult_other,10,crp_10
noart,Yoon,196,232,963,1293,330,36,196,963,330,36,0.344918032786885,526,1525,cult_other,15,crp_10
cd4_less_200,Gersh,0,2,34,41,7,2,0,34,7,2,0.162790697674419,7,43,cult_other,5,crp_10
cd4_less_200,Kerkhoff,55,62,142,256,114,7,55,142,114,7,0.531446540880503,169,318,cult_other,19,crp_10
cd4_less_200,Reeve,37,40,71,145,74,3,37,71,74,3,0.6,111,185,cult_other,22,crp_10
cd4_less_200,Shapiro,22,25,52,102,50,3,22,52,50,3,0.566929133858268,72,127,cult_other,20,crp_10
cd4_less_200,Yoon,163,187,509,733,224,24,163,509,224,24,0.420652173913043,387,920,cult_other,20,crp_10
cd4_high_200,Gersh,1,3,250,270,20,2,1,250,20,2,0.0769230769230769,21,273,cult_other,1,crp_10
cd4_high_200,Kerkhoff,19,24,97,159,62,5,19,97,62,5,0.442622950819672,81,183,cult_other,13,crp_10
cd4_high_200,Reeve,23,39,309,438,129,16,23,309,129,16,0.318658280922432,152,477,cult_other,8,crp_10
cd4_high_200,Shapiro,9,15,217,269,52,6,9,217,52,6,0.214788732394366,61,284,cult_other,5,crp_10
cd4_high_200,Yoon,33,45,454,560,106,12,33,454,106,12,0.229752066115702,139,605,cult_other,7,crp_10
pregnant,Kerkhoff,0,0,6,19,13,0,0,6,13,0,0.68421052631579,13,19,cult_other,0,crp_10
pregnant,Yoon,2,2,30,41,11,0,2,30,11,0,0.302325581395349,13,43,cult_other,5,crp_10
all,Gersh,2,5,337,380,43,3,2,337,43,3,0.116883116883117,45,385,cult_other,1,crp_8
all,Kerkhoff,76,86,224,416,192,10,76,224,192,10,0.533864541832669,268,502,cult_other,17,crp_8
all,Reeve,70,89,384,645,261,19,70,384,261,19,0.450953678474115,331,734,cult_other,12,crp_8
all,Shapiro,33,42,263,383,120,9,33,263,120,9,0.36,153,425,cult_other,10,crp_8
all,Yoon,203,232,926,1293,367,29,203,926,367,29,0.373770491803279,570,1525,cult_other,15,crp_8
art,Gersh,2,5,335,376,41,3,2,335,41,3,0.112860892388451,43,381,cult_other,1,crp_8
noart,Gersh,0,0,0,1,1,0,0,0,1,0,1,1,1,cult_other,0,crp_8
noart,Kerkhoff,76,86,224,416,192,10,76,224,192,10,0.533864541832669,268,502,cult_other,17,crp_8
noart,Reeve,70,89,384,645,261,19,70,384,261,19,0.450953678474115,331,734,cult_other,12,crp_8
noart,Shapiro,33,42,263,383,120,9,33,263,120,9,0.36,153,425,cult_other,10,crp_8
noart,Yoon,203,232,926,1293,367,29,203,926,367,29,0.373770491803279,570,1525,cult_other,15,crp_8
cd4_less_200,Gersh,1,2,34,41,7,1,1,34,7,1,0.186046511627907,8,43,cult_other,5,crp_8
cd4_less_200,Kerkhoff,56,62,133,256,123,6,56,133,123,6,0.562893081761006,179,318,cult_other,19,crp_8
cd4_less_200,Reeve,37,40,61,145,84,3,37,61,84,3,0.654054054054054,121,185,cult_other,22,crp_8
cd4_less_200,Shapiro,22,25,48,102,54,3,22,48,54,3,0.598425196850394,76,127,cult_other,20,crp_8
cd4_less_200,Yoon,169,187,486,733,247,18,169,486,247,18,0.452173913043478,416,920,cult_other,20,crp_8
cd4_high_200,Gersh,1,3,245,270,25,2,1,245,25,2,0.0952380952380952,26,273,cult_other,1,crp_8
cd4_high_200,Kerkhoff,20,24,91,159,68,4,20,91,68,4,0.480874316939891,88,183,cult_other,13,crp_8
cd4_high_200,Reeve,24,39,290,438,148,15,24,290,148,15,0.360587002096436,172,477,cult_other,8,crp_8
cd4_high_200,Shapiro,9,15,208,269,61,6,9,208,61,6,0.246478873239437,70,284,cult_other,5,crp_8
cd4_high_200,Yoon,34,45,440,560,120,11,34,440,120,11,0.254545454545455,154,605,cult_other,7,crp_8
pregnant,Kerkhoff,0,0,5,19,14,0,0,5,14,0,0.736842105263158,14,19,cult_other,0,crp_8
pregnant,Yoon,2,2,29,41,12,0,2,29,12,0,0.325581395348837,14,43,cult_other,5,crp_8
all,Gersh,2,5,302,380,78,3,2,302,78,3,0.207792207792208,80,385,cult_other,1,crp_5
all,Kerkhoff,78,86,182,416,234,8,78,182,234,8,0.621513944223108,312,502,cult_other,17,crp_5
all,Reeve,76,89,319,645,326,13,76,319,326,13,0.547683923705722,402,734,cult_other,12,crp_5
all,Shapiro,38,42,221,383,162,4,38,221,162,4,0.470588235294118,200,425,cult_other,10,crp_5
all,Yoon,209,232,818,1293,475,23,209,818,475,23,0.448524590163934,684,1525,cult_other,15,crp_5
art,Gersh,2,5,300,376,76,3,2,300,76,3,0.204724409448819,78,381,cult_other,1,crp_5
noart,Gersh,0,0,0,1,1,0,0,0,1,0,1,1,1,cult_other,0,crp_5
noart,Kerkhoff,78,86,182,416,234,8,78,182,234,8,0.621513944223108,312,502,cult_other,17,crp_5
noart,Reeve,76,89,319,645,326,13,76,319,326,13,0.547683923705722,402,734,cult_other,12,crp_5
noart,Shapiro,38,42,221,383,162,4,38,221,162,4,0.470588235294118,200,425,cult_other,10,crp_5
noart,Yoon,209,232,818,1293,475,23,209,818,475,23,0.448524590163934,684,1525,cult_other,15,crp_5
cd4_less_200,Gersh,1,2,31,41,10,1,1,31,10,1,0.255813953488372,11,43,cult_other,5,crp_5
cd4_less_200,Kerkhoff,56,62,106,256,150,6,56,106,150,6,0.647798742138365,206,318,cult_other,19,crp_5
cd4_less_200,Reeve,37,40,43,145,102,3,37,43,102,3,0.751351351351351,139,185,cult_other,22,crp_5
cd4_less_200,Shapiro,24,25,38,102,64,1,24,38,64,1,0.692913385826772,88,127,cult_other,20,crp_5
cd4_less_200,Yoon,173,187,430,733,303,14,173,430,303,14,0.517391304347826,476,920,cult_other,20,crp_5
cd4_high_200,Gersh,1,3,221,270,49,2,1,221,49,2,0.183150183150183,50,273,cult_other,1,crp_5
cd4_high_200,Kerkhoff,22,24,76,159,83,2,22,76,83,2,0.573770491803279,105,183,cult_other,13,crp_5
cd4_high_200,Reeve,30,39,249,438,189,9,30,249,189,9,0.459119496855346,219,477,cult_other,8,crp_5
cd4_high_200,Shapiro,12,15,178,269,91,3,12,178,91,3,0.362676056338028,103,284,cult_other,5,crp_5
cd4_high_200,Yoon,36,45,388,560,172,9,36,388,172,9,0.343801652892562,208,605,cult_other,7,crp_5
pregnant,Kerkhoff,0,0,4,19,15,0,0,4,15,0,0.789473684210526,15,19,cult_other,0,crp_5
pregnant,Yoon,2,2,25,41,16,0,2,25,16,0,0.418604651162791,18,43,cult_other,5,crp_5
all,Affolabi,53,85,2037,2615,578,32,53,2037,578,32,0.233703703703704,631,2700,cult_other,3,cxr_abn
all,Ahmad,40,55,222,536,314,15,40,222,314,15,0.598984771573604,354,591,cult_other,9,cxr_abn
all,Hanifa,52,62,116,286,170,10,52,116,170,10,0.637931034482759,222,348,cult_other,18,cxr_abn
all,Kerkhoff,63,86,214,390,176,23,63,214,176,23,0.502100840336134,239,476,cult_other,18,cxr_abn
all,Kufa,20,23,236,361,125,3,20,236,125,3,0.377604166666667,145,384,cult,6,cxr_abn
all,Modi,48,64,302,502,200,16,48,302,200,16,0.438162544169611,248,566,cult_other,11,cxr_abn
all,Swindells,29,54,514,644,130,25,29,514,130,25,0.227793696275072,159,698,cult_other,8,cxr_abn
all,Thit,6,9,273,423,150,3,6,273,150,3,0.361111111111111,156,432,cult_other,2,cxr_abn
art,Affolabi,19,30,1307,1711,404,11,19,1307,404,11,0.242963813900057,423,1741,cult_other,2,cxr_abn
art,Ahmad,18,23,161,392,231,5,18,161,231,5,0.6,249,415,cult_other,6,cxr_abn
art,Kufa,8,8,127,189,62,0,8,127,62,0,0.355329949238579,70,197,cult,4,cxr_abn
art,Thit,5,8,201,309,108,3,5,201,108,3,0.356466876971609,113,317,cult_other,3,cxr_abn
noart,Affolabi,34,55,730,904,174,21,34,730,174,21,0.21689259645464,208,959,cult_other,6,cxr_abn
noart,Ahmad,22,32,61,144,83,10,22,61,83,10,0.596590909090909,105,176,cult_other,18,cxr_abn
noart,Hanifa,52,62,116,286,170,10,52,116,170,10,0.637931034482759,222,348,cult_other,18,cxr_abn
noart,Kerkhoff,63,86,214,390,176,23,63,214,176,23,0.502100840336134,239,476,cult_other,18,cxr_abn
noart,Kufa,12,15,109,172,63,3,12,109,63,3,0.401069518716578,75,187,cult,8,cxr_abn
noart,Modi,48,64,302,502,200,16,48,302,200,16,0.438162544169611,248,566,cult_other,11,cxr_abn
noart,Swindells,29,54,514,644,130,25,29,514,130,25,0.227793696275072,159,698,cult_other,8,cxr_abn
noart,Thit,1,1,72,114,42,0,1,72,42,0,0.373913043478261,43,115,cult_other,1,cxr_abn
cd4_less_200,Affolabi,31,48,485,633,148,17,31,485,148,17,0.262848751835536,179,681,cult_other,7,cxr_abn
cd4_less_200,Ahmad,20,27,63,148,85,7,20,63,85,7,0.6,105,175,cult_other,15,cxr_abn
cd4_less_200,Hanifa,50,59,110,270,160,9,50,110,160,9,0.638297872340426,210,329,cult_other,18,cxr_abn
cd4_less_200,Kerkhoff,46,62,140,246,106,16,46,140,106,16,0.493506493506494,152,308,cult_other,20,cxr_abn
cd4_less_200,Kufa,16,19,94,156,62,3,16,94,62,3,0.445714285714286,78,175,cult,11,cxr_abn
cd4_less_200,Modi,26,34,67,135,68,8,26,67,68,8,0.556213017751479,94,169,cult_other,20,cxr_abn
cd4_less_200,Swindells,13,27,140,190,50,14,13,140,50,14,0.290322580645161,63,217,cult_other,12,cxr_abn
cd4_less_200,Thit,3,5,77,142,65,2,3,77,65,2,0.462585034013605,68,147,cult_other,3,cxr_abn
cd4_high_200,Affolabi,18,32,1507,1918,411,14,18,1507,411,14,0.22,429,1950,cult_other,2,cxr_abn
cd4_high_200,Ahmad,20,28,159,388,229,8,20,159,229,8,0.598557692307692,249,416,cult_other,7,cxr_abn
cd4_high_200,Hanifa,1,2,6,15,9,1,1,6,9,1,0.588235294117647,10,17,cult_other,12,cxr_abn
cd4_high_200,Kerkhoff,16,23,73,143,70,7,16,73,70,7,0.518072289156627,86,166,cult_other,14,cxr_abn
cd4_high_200,Kufa,4,4,142,205,63,0,4,142,63,0,0.320574162679426,67,209,cult,2,cxr_abn
cd4_high_200,Modi,17,25,220,347,127,8,17,220,127,8,0.387096774193548,144,372,cult_other,7,cxr_abn
cd4_high_200,Swindells,16,27,371,451,80,11,16,371,80,11,0.200836820083682,96,478,cult_other,6,cxr_abn
cd4_high_200,Thit,2,3,196,281,85,1,2,196,85,1,0.306338028169014,87,284,cult_other,1,cxr_abn
pregnant,Modi,1,1,5,7,2,0,1,5,2,0,0.375,3,8,cult_other,12,cxr_abn
all,Affolabi,45,85,2407,2613,206,40,45,2407,206,40,0.0930318754633062,251,2698,cult_other,3,cxr_sugg
all,Ahmad,34,55,305,536,231,21,34,305,231,21,0.44839255499154,265,591,cult_other,9,cxr_sugg
all,Hanifa,47,62,156,286,130,15,47,156,130,15,0.508620689655172,177,348,cult_other,18,cxr_sugg
all,Kerkhoff,60,85,253,389,136,25,60,253,136,25,0.413502109704641,196,474,cult_other,18,cxr_sugg
all,Kufa,18,23,306,360,54,5,18,306,54,5,0.18798955613577,72,383,cult,6,cxr_sugg
all,Modi,37,64,435,497,62,27,37,435,62,27,0.176470588235294,99,561,cult_other,11,cxr_sugg
all,Nguyen,20,28,262,369,107,8,20,262,107,8,0.319899244332494,127,397,cult_other,7,cxr_sugg
all,Swindells,26,54,561,644,83,28,26,561,83,28,0.156160458452722,109,698,cult_other,8,cxr_sugg
art,Affolabi,16,30,1566,1710,144,14,16,1566,144,14,0.0919540229885057,160,1740,cult_other,2,cxr_sugg
art,Ahmad,18,23,228,392,164,5,18,228,164,5,0.43855421686747,182,415,cult_other,6,cxr_sugg
art,Kufa,7,8,160,188,28,1,7,160,28,1,0.178571428571429,35,196,cult,4,cxr_sugg
art,Nguyen,11,15,143,215,72,4,11,143,72,4,0.360869565217391,83,230,cult_other,7,cxr_sugg
noart,Affolabi,29,55,841,903,62,26,29,841,62,26,0.0949895615866388,91,958,cult_other,6,cxr_sugg
noart,Ahmad,16,32,77,144,67,16,16,77,67,16,0.471590909090909,83,176,cult_other,18,cxr_sugg
noart,Hanifa,47,62,156,286,130,15,47,156,130,15,0.508620689655172,177,348,cult_other,18,cxr_sugg
noart,Kerkhoff,60,85,253,389,136,25,60,253,136,25,0.413502109704641,196,474,cult_other,18,cxr_sugg
noart,Kufa,11,15,146,172,26,4,11,146,26,4,0.197860962566845,37,187,cult,8,cxr_sugg
noart,Modi,37,64,435,497,62,27,37,435,62,27,0.176470588235294,99,561,cult_other,11,cxr_sugg
noart,Nguyen,9,13,119,154,35,4,9,119,35,4,0.263473053892216,44,167,cult_other,8,cxr_sugg
noart,Swindells,26,54,561,644,83,28,26,561,83,28,0.156160458452722,109,698,cult_other,8,cxr_sugg
cd4_less_200,Affolabi,27,48,577,631,54,21,27,577,54,21,0.119293078055965,81,679,cult_other,7,cxr_sugg
cd4_less_200,Ahmad,16,27,91,148,57,11,16,91,57,11,0.417142857142857,73,175,cult_other,15,cxr_sugg
cd4_less_200,Hanifa,45,59,146,270,124,14,45,146,124,14,0.513677811550152,169,329,cult_other,18,cxr_sugg
cd4_less_200,Kerkhoff,43,61,160,245,85,18,43,160,85,18,0.418300653594771,128,306,cult_other,20,cxr_sugg
cd4_less_200,Kufa,14,19,125,156,31,5,14,125,31,5,0.257142857142857,45,175,cult,11,cxr_sugg
cd4_less_200,Modi,20,34,104,132,28,14,20,104,28,14,0.289156626506024,48,166,cult_other,20,cxr_sugg
cd4_less_200,Nguyen,8,12,47,75,28,4,8,47,28,4,0.413793103448276,36,87,cult_other,14,cxr_sugg
cd4_less_200,Swindells,12,27,150,190,40,15,12,150,40,15,0.23963133640553,52,217,cult_other,12,cxr_sugg
cd4_high_200,Affolabi,14,32,1772,1918,146,18,14,1772,146,18,0.082051282051282,160,1950,cult_other,2,cxr_sugg
cd4_high_200,Ahmad,18,28,214,388,174,10,18,214,174,10,0.461538461538462,192,416,cult_other,7,cxr_sugg
cd4_high_200,Hanifa,1,2,9,15,6,1,1,9,6,1,0.411764705882353,7,17,cult_other,12,cxr_sugg
cd4_high_200,Kerkhoff,16,23,92,143,51,7,16,92,51,7,0.403614457831325,67,166,cult_other,14,cxr_sugg
cd4_high_200,Kufa,4,4,181,204,23,0,4,181,23,0,0.129807692307692,27,208,cult,2,cxr_sugg
cd4_high_200,Modi,12,25,313,345,32,13,12,313,32,13,0.118918918918919,44,370,cult_other,7,cxr_sugg
cd4_high_200,Nguyen,12,16,215,294,79,4,12,215,79,4,0.293548387096774,91,310,cult_other,5,cxr_sugg
cd4_high_200,Swindells,14,27,408,451,43,13,14,408,43,13,0.119246861924686,57,478,cult_other,6,cxr_sugg
pregnant,Modi,1,1,6,6,0,0,1,6,0,0,0.142857142857143,1,7,cult_other,14,cxr_sugg
all,Balcha,12,116,629,644,15,104,12,629,15,104,0.0355263157894737,27,760,cult,15,hb_8
all,Bjerrum,5,32,272,328,56,27,5,272,56,27,0.169444444444444,61,360,cult_other,9,hb_8
all,Gersh,0,5,338,361,23,5,0,338,23,5,0.0628415300546448,23,366,cult_other,1,hb_8
all,Hanifa,4,64,268,284,16,60,4,268,16,60,0.0574712643678161,20,348,cult_other,18,hb_8
all,Hoffmann,0,33,1228,1254,26,33,0,1228,26,33,0.0202020202020202,26,1287,cult_other,3,hb_8
all,Kerkhoff,12,85,390,405,15,73,12,390,15,73,0.0551020408163265,27,490,cult_other,17,hb_8
all,Kufa,5,24,382,391,9,19,5,382,9,19,0.0337349397590361,14,415,cult,6,hb_8
all,Swindells,7,56,650,668,18,49,7,650,18,49,0.0345303867403315,25,724,cult_other,8,hb_8
all,Thit,3,7,329,359,30,4,3,329,30,4,0.0901639344262295,33,366,cult_other,2,hb_8
art,Gersh,0,5,334,357,23,5,0,334,23,5,0.06353591160221,23,362,cult_other,1,hb_8
art,Hoffmann,0,0,2,2,0,0,0,2,0,0,0,0,2,cult_other,0,hb_8
art,Kufa,1,8,196,202,6,7,1,196,6,7,0.0333333333333333,7,210,cult,4,hb_8
art,Thit,3,7,241,263,22,4,3,241,22,4,0.0925925925925926,25,270,cult_other,3,hb_8
noart,Balcha,12,116,629,644,15,104,12,629,15,104,0.0355263157894737,27,760,cult,15,hb_8
noart,Bjerrum,5,32,272,328,56,27,5,272,56,27,0.169444444444444,61,360,cult_other,9,hb_8
noart,Gersh,0,0,1,1,0,0,0,1,0,0,0,0,1,cult_other,0,hb_8
noart,Hanifa,4,64,268,284,16,60,4,268,16,60,0.0574712643678161,20,348,cult_other,18,hb_8
noart,Hoffmann,0,33,1226,1252,26,33,0,1226,26,33,0.0202334630350195,26,1285,cult_other,3,hb_8
noart,Kerkhoff,12,85,390,405,15,73,12,390,15,73,0.0551020408163265,27,490,cult_other,17,hb_8
noart,Kufa,4,16,186,189,3,12,4,186,3,12,0.0341463414634146,7,205,cult,8,hb_8
noart,Swindells,7,56,650,668,18,49,7,650,18,49,0.0345303867403315,25,724,cult_other,8,hb_8
noart,Thit,0,0,88,96,8,0,0,88,8,0,0.0833333333333333,8,96,cult_other,0,hb_8
cd4_less_200,Balcha,10,70,279,288,9,60,10,279,9,60,0.053072625698324,19,358,cult,20,hb_8
cd4_less_200,Bjerrum,2,23,164,203,39,21,2,164,39,21,0.18141592920354,41,226,cult_other,10,hb_8
cd4_less_200,Gersh,0,2,32,35,3,2,0,32,3,2,0.0810810810810811,3,37,cult_other,5,hb_8
cd4_less_200,Hanifa,4,60,252,268,16,56,4,252,16,56,0.0609756097560976,20,328,cult_other,18,hb_8
cd4_less_200,Hoffmann,0,12,147,153,6,12,0,147,6,12,0.0363636363636364,6,165,cult_other,7,hb_8
cd4_less_200,Kerkhoff,12,60,241,250,9,48,12,241,9,48,0.067741935483871,21,310,cult_other,19,hb_8
cd4_less_200,Kufa,4,20,170,174,4,16,4,170,4,16,0.0412371134020619,8,194,cult,10,hb_8
cd4_less_200,Swindells,5,27,188,195,7,22,5,188,7,22,0.0540540540540541,12,222,cult_other,12,hb_8
cd4_less_200,Thit,3,4,113,126,13,1,3,113,13,1,0.123076923076923,16,130,cult_other,3,hb_8
cd4_high_200,Balcha,2,46,350,356,6,44,2,350,6,44,0.0199004975124378,8,402,cult,11,hb_8
cd4_high_200,Bjerrum,3,9,107,122,15,6,3,107,15,6,0.137404580152672,18,131,cult_other,7,hb_8
cd4_high_200,Gersh,0,3,245,259,14,3,0,245,14,3,0.0534351145038168,14,262,cult_other,1,hb_8
cd4_high_200,Hanifa,0,3,15,15,0,3,0,15,0,3,0,0,18,cult_other,17,hb_8
cd4_high_200,Hoffmann,0,21,1057,1077,20,21,0,1057,20,21,0.0182149362477231,20,1098,cult_other,2,hb_8
cd4_high_200,Kerkhoff,0,24,148,154,6,24,0,148,6,24,0.0337078651685393,6,178,cult_other,13,hb_8
cd4_high_200,Kufa,1,4,212,217,5,3,1,212,5,3,0.0271493212669683,6,221,cult,2,hb_8
cd4_high_200,Swindells,2,29,461,472,11,27,2,461,11,27,0.0259481037924152,13,501,cult_other,6,hb_8
cd4_high_200,Thit,0,3,216,233,17,3,0,216,17,3,0.0720338983050848,17,236,cult_other,1,hb_8
pregnant,Bjerrum,0,0,20,22,2,0,0,20,2,0,0.0909090909090909,2,22,cult_other,0,hb_8
pregnant,Hoffmann,0,33,1228,1254,26,33,0,1228,26,33,0.0202020202020202,26,1287,cult_other,3,hb_8
pregnant,Kerkhoff,0,0,20,20,0,0,0,20,0,0,0,0,20,cult_other,0,hb_8
pregnant,Kufa,0,1,10,10,0,1,0,10,0,1,0,0,11,cult,9,hb_8
pregnant,Swindells,0,1,9,9,0,1,0,9,0,1,0,0,10,cult_other,10,hb_8
all,Balcha,49,116,529,644,115,67,49,529,115,67,0.215789473684211,164,760,cult,15,hb_10
all,Bjerrum,25,32,169,328,159,7,25,169,159,7,0.511111111111111,184,360,cult_other,9,hb_10
all,Gersh,3,5,311,361,50,2,3,311,50,2,0.144808743169399,53,366,cult_other,1,hb_10
all,Hanifa,24,64,217,284,67,40,24,217,67,40,0.261494252873563,91,348,cult_other,18,hb_10
all,Hoffmann,6,33,1056,1254,198,27,6,1056,198,27,0.158508158508159,204,1287,cult_other,3,hb_10
all,Kerkhoff,32,85,351,405,54,53,32,351,54,53,0.175510204081633,86,490,cult_other,17,hb_10
all,Kufa,10,24,337,391,54,14,10,337,54,14,0.15421686746988,64,415,cult,6,hb_10
all,Swindells,19,56,574,668,94,37,19,574,94,37,0.156077348066298,113,724,cult_other,8,hb_10
all,Thit,4,7,230,359,129,3,4,230,129,3,0.363387978142077,133,366,cult_other,2,hb_10
art,Gersh,3,5,308,357,49,2,3,308,49,2,0.143646408839779,52,362,cult_other,1,hb_10
art,Hoffmann,0,0,2,2,0,0,0,2,0,0,0,0,2,cult_other,0,hb_10
art,Kufa,4,8,179,202,23,4,4,179,23,4,0.128571428571429,27,210,cult,4,hb_10
art,Thit,4,7,171,263,92,3,4,171,92,3,0.355555555555556,96,270,cult_other,3,hb_10
noart,Balcha,49,116,529,644,115,67,49,529,115,67,0.215789473684211,164,760,cult,15,hb_10
noart,Bjerrum,25,32,169,328,159,7,25,169,159,7,0.511111111111111,184,360,cult_other,9,hb_10
noart,Gersh,0,0,1,1,0,0,0,1,0,0,0,0,1,cult_other,0,hb_10
noart,Hanifa,24,64,217,284,67,40,24,217,67,40,0.261494252873563,91,348,cult_other,18,hb_10
noart,Hoffmann,6,33,1054,1252,198,27,6,1054,198,27,0.15875486381323,204,1285,cult_other,3,hb_10
noart,Kerkhoff,32,85,351,405,54,53,32,351,54,53,0.175510204081633,86,490,cult_other,17,hb_10
noart,Kufa,6,16,158,189,31,10,6,158,31,10,0.180487804878049,37,205,cult,8,hb_10
noart,Swindells,19,56,574,668,94,37,19,574,94,37,0.156077348066298,113,724,cult_other,8,hb_10
noart,Thit,0,0,59,96,37,0,0,59,37,0,0.385416666666667,37,96,cult_other,0,hb_10
cd4_less_200,Balcha,38,70,218,288,70,32,38,218,70,32,0.301675977653631,108,358,cult,20,hb_10
cd4_less_200,Bjerrum,19,23,90,203,113,4,19,90,113,4,0.584070796460177,132,226,cult_other,10,hb_10
cd4_less_200,Gersh,2,2,31,35,4,0,2,31,4,0,0.162162162162162,6,37,cult_other,5,hb_10
cd4_less_200,Hanifa,23,60,205,268,63,37,23,205,63,37,0.26219512195122,86,328,cult_other,18,hb_10
cd4_less_200,Hoffmann,3,12,114,153,39,9,3,114,39,9,0.254545454545455,42,165,cult_other,7,hb_10
cd4_less_200,Kerkhoff,29,60,217,250,33,31,29,217,33,31,0.2,62,310,cult_other,19,hb_10
cd4_less_200,Kufa,8,20,138,174,36,12,8,138,36,12,0.22680412371134,44,194,cult,10,hb_10
cd4_less_200,Swindells,13,27,149,195,46,14,13,149,46,14,0.265765765765766,59,222,cult_other,12,hb_10
cd4_less_200,Thit,4,4,65,126,61,0,4,65,61,0,0.5,65,130,cult_other,3,hb_10
cd4_high_200,Balcha,11,46,311,356,45,35,11,311,45,35,0.139303482587065,56,402,cult,11,hb_10
cd4_high_200,Bjerrum,6,9,78,122,44,3,6,78,44,3,0.381679389312977,50,131,cult_other,7,hb_10
cd4_high_200,Gersh,1,3,225,259,34,2,1,225,34,2,0.133587786259542,35,262,cult_other,1,hb_10
cd4_high_200,Hanifa,1,3,12,15,3,2,1,12,3,2,0.222222222222222,4,18,cult_other,17,hb_10
cd4_high_200,Hoffmann,3,21,924,1077,153,18,3,924,153,18,0.14207650273224,156,1098,cult_other,2,hb_10
cd4_high_200,Kerkhoff,3,24,133,154,21,21,3,133,21,21,0.134831460674157,24,178,cult_other,13,hb_10
cd4_high_200,Kufa,2,4,199,217,18,2,2,199,18,2,0.0904977375565611,20,221,cult,2,hb_10
cd4_high_200,Swindells,6,29,424,472,48,23,6,424,48,23,0.107784431137725,54,501,cult_other,6,hb_10
cd4_high_200,Thit,0,3,165,233,68,3,0,165,68,3,0.288135593220339,68,236,cult_other,1,hb_10
pregnant,Bjerrum,0,0,11,22,11,0,0,11,11,0,0.5,11,22,cult_other,0,hb_10
pregnant,Hoffmann,6,33,1056,1254,198,27,6,1056,198,27,0.158508158508159,204,1287,cult_other,3,hb_10
pregnant,Kerkhoff,0,0,14,20,6,0,0,14,6,0,0.3,6,20,cult_other,0,hb_10
pregnant,Kufa,1,1,8,10,2,0,1,8,2,0,0.272727272727273,3,11,cult,9,hb_10
pregnant,Swindells,0,1,7,9,2,1,0,7,2,1,0.2,2,10,cult_other,10,hb_10
all,Balcha,14,124,669,683,14,110,14,669,14,110,0.0346964064436183,28,807,cult,15,lad
all,Bjerrum,13,37,295,358,63,24,13,295,63,24,0.192405063291139,76,395,cult_other,9,lad
all,Swindells,36,56,468,670,202,20,36,468,202,20,0.327823691460055,238,726,cult_other,8,lad
all,Thit,2,10,423,453,30,8,2,423,30,8,0.0691144708423326,32,463,cult_other,2,lad
art,Thit,2,9,305,329,24,7,2,305,24,7,0.0769230769230769,26,338,cult_other,3,lad
noart,Balcha,14,124,669,683,14,110,14,669,14,110,0.0346964064436183,28,807,cult,15,lad
noart,Bjerrum,13,37,295,358,63,24,13,295,63,24,0.192405063291139,76,395,cult_other,9,lad
noart,Swindells,36,56,468,670,202,20,36,468,202,20,0.327823691460055,238,726,cult_other,8,lad
noart,Thit,0,1,118,124,6,1,0,118,6,1,0.048,6,125,cult_other,1,lad
cd4_less_200,Balcha,10,78,293,300,7,68,10,293,7,68,0.044973544973545,17,378,cult,21,lad
cd4_less_200,Bjerrum,7,26,187,217,30,19,7,187,30,19,0.152263374485597,37,243,cult_other,11,lad
cd4_less_200,Swindells,19,27,123,195,72,8,19,123,72,8,0.40990990990991,91,222,cult_other,12,lad
cd4_less_200,Thit,2,5,139,153,14,3,2,139,14,3,0.10126582278481,16,158,cult_other,3,lad
cd4_high_200,Balcha,4,46,371,378,7,42,4,371,7,42,0.0259433962264151,11,424,cult,11,lad
cd4_high_200,Bjerrum,6,10,101,134,33,4,6,101,33,4,0.270833333333333,39,144,cult_other,7,lad
cd4_high_200,Swindells,17,29,342,472,130,12,17,342,130,12,0.293413173652695,147,501,cult_other,6,lad
cd4_high_200,Thit,0,4,284,300,16,4,0,284,16,4,0.0526315789473684,16,304,cult_other,1,lad
pregnant,Bjerrum,0,1,21,23,2,1,0,21,2,1,0.0833333333333333,2,24,cult_other,4,lad
pregnant,Swindells,0,1,5,9,4,1,0,5,4,1,0.4,4,10,cult_other,10,lad
all,Affolabi,78,85,2626,2657,31,7,78,2626,31,7,0.0397520058351568,109,2742,cult_other,3,xpert
all,Al Darraji,8,15,110,110,0,7,8,110,0,7,0.064,8,125,cult_other,12,xpert
all,Balcha,83,123,666,678,12,40,83,666,12,40,0.118601747815231,95,801,cult,15,xpert
all,Bjerrum,18,21,115,118,3,3,18,115,3,3,0.151079136690647,21,139,cult_other,15,xpert
all,Gersh,1,5,376,379,3,4,1,376,3,4,0.0104166666666667,4,384,cult_other,1,xpert
all,Kemper,9,12,87,89,2,3,9,87,2,3,0.108910891089109,11,101,cult_other,12,xpert
all,Kerkhoff,64,89,427,433,6,25,64,427,6,25,0.134099616858238,70,522,cult_other,17,xpert
all,LaCourse,3,7,281,282,1,4,3,281,1,4,0.013840830449827,4,289,cult_other,2,xpert
all,Modi,54,74,647,654,7,20,54,647,7,20,0.0837912087912088,61,728,cult_other,10,xpert
all,Reeve,54,93,652,658,6,39,54,652,6,39,0.0798934753661784,60,751,cult_other,12,xpert
all,Thit,5,10,433,453,20,5,5,433,20,5,0.0539956803455724,25,463,cult_other,2,xpert
all,Yoon,133,232,1283,1293,10,99,133,1283,10,99,0.0937704918032787,143,1525,cult_other,15,xpert
art,Affolabi,26,30,1728,1741,13,4,26,1728,13,4,0.0220214568040655,39,1771,cult_other,2,xpert
art,Gersh,1,5,372,375,3,4,1,372,3,4,0.0105263157894737,4,380,cult_other,1,xpert
art,LaCourse,1,4,151,152,1,3,1,151,1,3,0.0128205128205128,2,156,cult_other,3,xpert
art,Thit,5,9,315,329,14,4,5,315,14,4,0.0562130177514793,19,338,cult_other,3,xpert
noart,Affolabi,52,55,898,916,18,3,52,898,18,3,0.0720906282183316,70,971,cult_other,6,xpert
noart,Balcha,83,123,666,678,12,40,83,666,12,40,0.118601747815231,95,801,cult,15,xpert
noart,Bjerrum,18,21,115,118,3,3,18,115,3,3,0.151079136690647,21,139,cult_other,15,xpert
noart,Gersh,0,0,1,1,0,0,0,1,0,0,0,0,1,cult_other,0,xpert
noart,Kemper,9,12,87,89,2,3,9,87,2,3,0.108910891089109,11,101,cult_other,12,xpert
noart,Kerkhoff,64,89,427,433,6,25,64,427,6,25,0.134099616858238,70,522,cult_other,17,xpert
noart,LaCourse,2,3,130,130,0,1,2,130,0,1,0.0150375939849624,2,133,cult_other,2,xpert
noart,Modi,54,74,647,654,7,20,54,647,7,20,0.0837912087912088,61,728,cult_other,10,xpert
noart,Reeve,54,93,652,658,6,39,54,652,6,39,0.0798934753661784,60,751,cult_other,12,xpert
noart,Thit,0,1,118,124,6,1,0,118,6,1,0.048,6,125,cult_other,1,xpert
noart,Yoon,133,232,1283,1293,10,99,133,1283,10,99,0.0937704918032787,143,1525,cult_other,15,xpert
cd4_less_200,Affolabi,45,48,626,639,13,3,45,626,13,3,0.0844250363901019,58,687,cult_other,7,xpert
cd4_less_200,Al Darraji,5,7,30,30,0,2,5,30,0,2,0.135135135135135,5,37,cult_other,19,xpert
cd4_less_200,Balcha,61,78,292,297,5,17,61,292,5,17,0.176,66,375,cult,21,xpert
cd4_less_200,Bjerrum,13,15,76,78,2,2,13,76,2,2,0.161290322580645,15,93,cult_other,16,xpert
cd4_less_200,Gersh,0,2,42,42,0,2,0,42,0,2,0,0,44,cult_other,5,xpert
cd4_less_200,Kemper,8,10,53,54,1,2,8,53,1,2,0.140625,9,64,cult_other,16,xpert
cd4_less_200,Kerkhoff,50,64,263,267,4,14,50,263,4,14,0.163141993957704,54,331,cult_other,19,xpert
cd4_less_200,LaCourse,0,0,17,17,0,0,0,17,0,0,0,0,17,cult_other,0,xpert
cd4_less_200,Modi,31,39,152,156,4,8,31,152,4,8,0.17948717948718,35,195,cult_other,20,xpert
cd4_less_200,Reeve,29,42,149,152,3,13,29,149,3,13,0.164948453608247,32,194,cult_other,22,xpert
cd4_less_200,Thit,3,5,140,153,13,2,3,140,13,2,0.10126582278481,16,158,cult_other,3,xpert
cd4_less_200,Yoon,109,187,726,733,7,78,109,726,7,78,0.126086956521739,116,920,cult_other,20,xpert
cd4_high_200,Affolabi,28,32,1937,1954,17,4,28,1937,17,4,0.0226586102719033,45,1986,cult_other,2,xpert
cd4_high_200,Al Darraji,3,8,80,80,0,5,3,80,0,5,0.0340909090909091,3,88,cult_other,9,xpert
cd4_high_200,Balcha,22,45,369,376,7,23,22,369,7,23,0.0688836104513064,29,421,cult,11,xpert
cd4_high_200,Bjerrum,5,6,38,39,1,1,5,38,1,1,0.133333333333333,6,45,cult_other,13,xpert
cd4_high_200,Gersh,1,3,266,267,1,2,1,266,1,2,0.00740740740740741,2,270,cult_other,1,xpert
cd4_high_200,Kemper,1,2,34,35,1,1,1,34,1,1,0.0540540540540541,2,37,cult_other,5,xpert
cd4_high_200,Kerkhoff,13,24,163,165,2,11,13,163,2,11,0.0793650793650794,15,189,cult_other,13,xpert
cd4_high_200,LaCourse,3,6,215,216,1,3,3,215,1,3,0.018018018018018,4,222,cult_other,3,xpert
cd4_high_200,Modi,19,30,452,455,3,11,19,452,3,11,0.045360824742268,22,485,cult_other,6,xpert
cd4_high_200,Reeve,18,41,439,442,3,23,18,439,3,23,0.0434782608695652,21,483,cult_other,8,xpert
cd4_high_200,Thit,2,4,293,300,7,2,2,293,7,2,0.0296052631578947,9,304,cult_other,1,xpert
cd4_high_200,Yoon,24,45,557,560,3,21,24,557,3,21,0.0446280991735537,27,605,cult_other,7,xpert
pregnant,Bjerrum,0,0,6,6,0,0,0,6,0,0,0,0,6,cult_other,0,xpert
pregnant,Kerkhoff,0,0,20,20,0,0,0,20,0,0,0,0,20,cult_other,0,xpert
pregnant,LaCourse,3,7,281,282,1,4,3,281,1,4,0.013840830449827,4,289,cult_other,2,xpert
pregnant,Modi,4,6,126,128,2,2,4,126,2,2,0.0447761194029851,6,134,cult_other,4,xpert
pregnant,Yoon,1,2,41,41,0,1,1,41,0,1,0.0232558139534884,1,43,cult_other,5,xpert
all,Affolabi,78,85,2626,2657,31,7,78,2626,31,7,0.0397520058351568,109,2742,cult_other,3,sputum_xpert
all,Al Darraji,8,15,110,110,0,7,8,110,0,7,0.064,8,125,cult_other,12,sputum_xpert
all,Balcha,82,123,667,678,11,41,82,667,11,41,0.116104868913858,93,801,cult,15,sputum_xpert
all,Bjerrum,18,21,115,118,3,3,18,115,3,3,0.151079136690647,21,139,cult_other,15,sputum_xpert
all,Gersh,1,5,376,379,3,4,1,376,3,4,0.0104166666666667,4,384,cult_other,1,sputum_xpert
all,Kemper,9,12,87,89,2,3,9,87,2,3,0.108910891089109,11,101,cult_other,12,sputum_xpert
all,Kerkhoff,49,89,428,432,4,40,49,428,4,40,0.101727447216891,53,521,cult_other,17,sputum_xpert
all,LaCourse,3,7,281,282,1,4,3,281,1,4,0.013840830449827,4,289,cult_other,2,sputum_xpert
all,Modi,43,74,649,654,5,31,43,649,5,31,0.0659340659340659,48,728,cult_other,10,sputum_xpert
all,Reeve,54,93,652,658,6,39,54,652,6,39,0.0798934753661784,60,751,cult_other,12,sputum_xpert
all,Thit,5,10,433,453,20,5,5,433,20,5,0.0539956803455724,25,463,cult_other,2,sputum_xpert
all,Yoon,133,232,1283,1293,10,99,133,1283,10,99,0.0937704918032787,143,1525,cult_other,15,sputum_xpert
art,Affolabi,26,30,1728,1741,13,4,26,1728,13,4,0.0220214568040655,39,1771,cult_other,2,sputum_xpert
art,Gersh,1,5,372,375,3,4,1,372,3,4,0.0105263157894737,4,380,cult_other,1,sputum_xpert
art,LaCourse,1,4,151,152,1,3,1,151,1,3,0.0128205128205128,2,156,cult_other,3,sputum_xpert
art,Thit,5,9,315,329,14,4,5,315,14,4,0.0562130177514793,19,338,cult_other,3,sputum_xpert
noart,Affolabi,52,55,898,916,18,3,52,898,18,3,0.0720906282183316,70,971,cult_other,6,sputum_xpert
noart,Balcha,82,123,667,678,11,41,82,667,11,41,0.116104868913858,93,801,cult,15,sputum_xpert
noart,Bjerrum,18,21,115,118,3,3,18,115,3,3,0.151079136690647,21,139,cult_other,15,sputum_xpert
noart,Gersh,0,0,1,1,0,0,0,1,0,0,0,0,1,cult_other,0,sputum_xpert
noart,Kemper,9,12,87,89,2,3,9,87,2,3,0.108910891089109,11,101,cult_other,12,sputum_xpert
noart,Kerkhoff,49,89,428,432,4,40,49,428,4,40,0.101727447216891,53,521,cult_other,17,sputum_xpert
noart,LaCourse,2,3,130,130,0,1,2,130,0,1,0.0150375939849624,2,133,cult_other,2,sputum_xpert
noart,Modi,43,74,649,654,5,31,43,649,5,31,0.0659340659340659,48,728,cult_other,10,sputum_xpert
noart,Reeve,54,93,652,658,6,39,54,652,6,39,0.0798934753661784,60,751,cult_other,12,sputum_xpert
noart,Thit,0,1,118,124,6,1,0,118,6,1,0.048,6,125,cult_other,1,sputum_xpert
noart,Yoon,133,232,1283,1293,10,99,133,1283,10,99,0.0937704918032787,143,1525,cult_other,15,sputum_xpert
cd4_less_200,Affolabi,45,48,626,639,13,3,45,626,13,3,0.0844250363901019,58,687,cult_other,7,sputum_xpert
cd4_less_200,Al Darraji,5,7,30,30,0,2,5,30,0,2,0.135135135135135,5,37,cult_other,19,sputum_xpert
cd4_less_200,Balcha,61,78,292,297,5,17,61,292,5,17,0.176,66,375,cult,21,sputum_xpert
cd4_less_200,Bjerrum,13,15,76,78,2,2,13,76,2,2,0.161290322580645,15,93,cult_other,16,sputum_xpert
cd4_less_200,Gersh,0,2,42,42,0,2,0,42,0,2,0,0,44,cult_other,5,sputum_xpert
cd4_less_200,Kemper,8,10,53,54,1,2,8,53,1,2,0.140625,9,64,cult_other,16,sputum_xpert
cd4_less_200,Kerkhoff,37,64,264,267,3,27,37,264,3,27,0.120845921450151,40,331,cult_other,19,sputum_xpert
cd4_less_200,LaCourse,0,0,17,17,0,0,0,17,0,0,0,0,17,cult_other,0,sputum_xpert
cd4_less_200,Modi,24,39,153,156,3,15,24,153,3,15,0.138461538461538,27,195,cult_other,20,sputum_xpert
cd4_less_200,Reeve,29,42,149,152,3,13,29,149,3,13,0.164948453608247,32,194,cult_other,22,sputum_xpert
cd4_less_200,Thit,3,5,140,153,13,2,3,140,13,2,0.10126582278481,16,158,cult_other,3,sputum_xpert
cd4_less_200,Yoon,109,187,726,733,7,78,109,726,7,78,0.126086956521739,116,920,cult_other,20,sputum_xpert
cd4_high_200,Affolabi,28,32,1937,1954,17,4,28,1937,17,4,0.0226586102719033,45,1986,cult_other,2,sputum_xpert
cd4_high_200,Al Darraji,3,8,80,80,0,5,3,80,0,5,0.0340909090909091,3,88,cult_other,9,sputum_xpert
cd4_high_200,Balcha,21,45,370,376,6,24,21,370,6,24,0.0641330166270784,27,421,cult,11,sputum_xpert
cd4_high_200,Bjerrum,5,6,38,39,1,1,5,38,1,1,0.133333333333333,6,45,cult_other,13,sputum_xpert
cd4_high_200,Gersh,1,3,266,267,1,2,1,266,1,2,0.00740740740740741,2,270,cult_other,1,sputum_xpert
cd4_high_200,Kemper,1,2,34,35,1,1,1,34,1,1,0.0540540540540541,2,37,cult_other,5,sputum_xpert
cd4_high_200,Kerkhoff,11,24,163,164,1,13,11,163,1,13,0.0638297872340426,12,188,cult_other,13,sputum_xpert
cd4_high_200,LaCourse,3,6,215,216,1,3,3,215,1,3,0.018018018018018,4,222,cult_other,3,sputum_xpert
cd4_high_200,Modi,15,30,453,455,2,15,15,453,2,15,0.0350515463917526,17,485,cult_other,6,sputum_xpert
cd4_high_200,Reeve,18,41,439,442,3,23,18,439,3,23,0.0434782608695652,21,483,cult_other,8,sputum_xpert
cd4_high_200,Thit,2,4,293,300,7,2,2,293,7,2,0.0296052631578947,9,304,cult_other,1,sputum_xpert
cd4_high_200,Yoon,24,45,557,560,3,21,24,557,3,21,0.0446280991735537,27,605,cult_other,7,sputum_xpert
pregnant,Bjerrum,0,0,6,6,0,0,0,6,0,0,0,0,6,cult_other,0,sputum_xpert
pregnant,Kerkhoff,0,0,20,20,0,0,0,20,0,0,0,0,20,cult_other,0,sputum_xpert
pregnant,LaCourse,3,7,281,282,1,4,3,281,1,4,0.013840830449827,4,289,cult_other,2,sputum_xpert
pregnant,Modi,3,6,126,128,2,3,3,126,2,3,0.0373134328358209,5,134,cult_other,4,sputum_xpert
pregnant,Yoon,1,2,41,41,0,1,1,41,0,1,0.0232558139534884,1,43,cult_other,5,sputum_xpert
all,Gersh,1,5,301,380,79,4,1,301,79,4,0.207792207792208,80,385,cult_other,1,who+crp
all,Kerkhoff,84,86,44,416,372,2,84,44,372,2,0.908366533864542,456,502,cult_other,17,who+crp
all,Reeve,75,89,231,645,414,14,75,231,414,14,0.666212534059946,489,734,cult_other,12,who+crp
all,Shapiro,39,42,120,383,263,3,39,120,263,3,0.710588235294118,302,425,cult_other,10,who+crp
all,Yoon,224,232,170,1293,1123,8,224,170,1123,8,0.88327868852459,1347,1525,cult_other,15,who+crp
art,Gersh,1,5,299,376,77,4,1,299,77,4,0.204724409448819,78,381,cult_other,1,who+crp
noart,Gersh,0,0,0,1,1,0,0,0,1,0,1,1,1,cult_other,0,who+crp
noart,Kerkhoff,84,86,44,416,372,2,84,44,372,2,0.908366533864542,456,502,cult_other,17,who+crp
noart,Reeve,75,89,231,645,414,14,75,231,414,14,0.666212534059946,489,734,cult_other,12,who+crp
noart,Shapiro,39,42,120,383,263,3,39,120,263,3,0.710588235294118,302,425,cult_other,10,who+crp
noart,Yoon,224,232,170,1293,1123,8,224,170,1123,8,0.88327868852459,1347,1525,cult_other,15,who+crp
cd4_less_200,Gersh,0,2,31,41,10,2,0,31,10,2,0.232558139534884,10,43,cult_other,5,who+crp
cd4_less_200,Kerkhoff,60,62,25,256,231,2,60,25,231,2,0.915094339622642,291,318,cult_other,19,who+crp
cd4_less_200,Reeve,38,40,34,145,111,2,38,34,111,2,0.805405405405405,149,185,cult_other,22,who+crp
cd4_less_200,Shapiro,24,25,19,102,83,1,24,19,83,1,0.84251968503937,107,127,cult_other,20,who+crp
cd4_less_200,Yoon,186,187,76,733,657,1,186,76,657,1,0.916304347826087,843,920,cult_other,20,who+crp
cd4_high_200,Gersh,1,3,220,270,50,2,1,220,50,2,0.186813186813187,51,273,cult_other,1,who+crp
cd4_high_200,Kerkhoff,24,24,19,159,140,0,24,19,140,0,0.896174863387978,164,183,cult_other,13,who+crp
cd4_high_200,Reeve,28,39,173,438,265,11,28,173,265,11,0.614255765199162,293,477,cult_other,8,who+crp
cd4_high_200,Shapiro,13,15,99,269,170,2,13,99,170,2,0.644366197183099,183,284,cult_other,5,who+crp
cd4_high_200,Yoon,38,45,94,560,466,7,38,94,466,7,0.83305785123967,504,605,cult_other,7,who+crp
pregnant,Kerkhoff,0,0,4,19,15,0,0,4,15,0,0.789473684210526,15,19,cult_other,0,who+crp
pregnant,Yoon,2,2,7,41,34,0,2,7,34,0,0.837209302325582,36,43,cult_other,5,who+crp
all,Affolabi,72,85,1559,2615,1056,13,72,1559,1056,13,0.417777777777778,1128,2700,cult_other,3,who+cxrabn
all,Ahmad,50,55,124,536,412,5,50,124,412,5,0.781725888324873,462,591,cult_other,9,who+cxrabn
all,Hanifa,61,62,6,286,280,1,61,6,280,1,0.979885057471264,341,348,cult_other,18,who+cxrabn
all,Kerkhoff,84,86,34,390,356,2,84,34,356,2,0.92436974789916,440,476,cult_other,18,who+cxrabn
all,Kufa,23,23,41,361,320,0,23,41,320,0,0.893229166666667,343,384,cult,6,who+cxrabn
all,Modi,55,62,166,496,330,7,55,166,330,7,0.689964157706093,385,558,cult_other,11,who+cxrabn
all,Swindells,50,54,204,643,439,4,50,204,439,4,0.701578192252511,489,697,cult_other,8,who+cxrabn
all,Thit,9,9,153,423,270,0,9,153,270,0,0.645833333333333,279,432,cult_other,2,who+cxrabn
art,Affolabi,21,30,1103,1711,608,9,21,1103,608,9,0.361286616886847,629,1741,cult_other,2,who+cxrabn
art,Ahmad,20,23,102,392,290,3,20,102,290,3,0.746987951807229,310,415,cult_other,6,who+cxrabn
art,Kufa,8,8,24,189,165,0,8,24,165,0,0.878172588832487,173,197,cult,4,who+cxrabn
art,Thit,8,8,114,309,195,0,8,114,195,0,0.640378548895899,203,317,cult_other,3,who+cxrabn
noart,Affolabi,51,55,456,904,448,4,51,456,448,4,0.520333680917623,499,959,cult_other,6,who+cxrabn
noart,Ahmad,30,32,22,144,122,2,30,22,122,2,0.863636363636364,152,176,cult_other,18,who+cxrabn
noart,Hanifa,61,62,6,286,280,1,61,6,280,1,0.979885057471264,341,348,cult_other,18,who+cxrabn
noart,Kerkhoff,84,86,34,390,356,2,84,34,356,2,0.92436974789916,440,476,cult_other,18,who+cxrabn
noart,Kufa,15,15,17,172,155,0,15,17,155,0,0.909090909090909,170,187,cult,8,who+cxrabn
noart,Modi,55,62,166,496,330,7,55,166,330,7,0.689964157706093,385,558,cult_other,11,who+cxrabn
noart,Swindells,50,54,204,643,439,4,50,204,439,4,0.701578192252511,489,697,cult_other,8,who+cxrabn
noart,Thit,1,1,39,114,75,0,1,39,75,0,0.660869565217391,76,115,cult_other,1,who+cxrabn
cd4_less_200,Affolabi,43,48,288,633,345,5,43,288,345,5,0.569750367107195,388,681,cult_other,7,who+cxrabn
cd4_less_200,Ahmad,24,27,27,148,121,3,24,27,121,3,0.828571428571429,145,175,cult_other,15,who+cxrabn
cd4_less_200,Hanifa,59,59,5,270,265,0,59,5,265,0,0.984802431610942,324,329,cult_other,18,who+cxrabn
cd4_less_200,Kerkhoff,60,62,23,246,223,2,60,23,223,2,0.918831168831169,283,308,cult_other,20,who+cxrabn
cd4_less_200,Kufa,19,19,10,156,146,0,19,10,146,0,0.942857142857143,165,175,cult,11,who+cxrabn
cd4_less_200,Modi,31,32,21,135,114,1,31,21,114,1,0.868263473053892,145,167,cult_other,19,who+cxrabn
cd4_less_200,Swindells,25,27,41,190,149,2,25,41,149,2,0.80184331797235,174,217,cult_other,12,who+cxrabn
cd4_less_200,Thit,5,5,29,142,113,0,5,29,113,0,0.802721088435374,118,147,cult_other,3,who+cxrabn
cd4_high_200,Affolabi,24,32,1250,1918,668,8,24,1250,668,8,0.354871794871795,692,1950,cult_other,2,who+cxrabn
cd4_high_200,Ahmad,26,28,97,388,291,2,26,97,291,2,0.762019230769231,317,416,cult_other,7,who+cxrabn
cd4_high_200,Hanifa,1,2,1,15,14,1,1,1,14,1,0.882352941176471,15,17,cult_other,12,who+cxrabn
cd4_high_200,Kerkhoff,23,23,11,143,132,0,23,11,132,0,0.933734939759036,155,166,cult_other,14,who+cxrabn
cd4_high_200,Kufa,4,4,31,205,174,0,4,31,174,0,0.851674641148325,178,209,cult,2,who+cxrabn
cd4_high_200,Modi,19,25,136,341,205,6,19,136,205,6,0.612021857923497,224,366,cult_other,7,who+cxrabn
cd4_high_200,Swindells,25,27,161,451,290,2,25,161,290,2,0.658995815899582,315,478,cult_other,6,who+cxrabn
cd4_high_200,Thit,3,3,124,281,157,0,3,124,157,0,0.563380281690141,160,284,cult_other,1,who+cxrabn
pregnant,Modi,1,1,4,7,3,0,1,4,3,0,0.5,4,8,cult_other,12,who+cxrabn
all,Affolabi,72,85,1802,2613,811,13,72,1802,811,13,0.327279466271312,883,2698,cult_other,3,who+cxrsugg
all,Ahmad,50,55,156,536,380,5,50,156,380,5,0.727580372250423,430,591,cult_other,9,who+cxrsugg
all,Hanifa,61,62,11,286,275,1,61,11,275,1,0.96551724137931,336,348,cult_other,18,who+cxrsugg
all,Kerkhoff,83,85,40,389,349,2,83,40,349,2,0.911392405063291,432,474,cult_other,18,who+cxrsugg
all,Kufa,23,23,50,360,310,0,23,50,310,0,0.869451697127937,333,383,cult,6,who+cxrsugg
all,Modi,50,62,220,491,271,12,50,220,271,12,0.580470162748644,321,553,cult_other,11,who+cxrsugg
all,Nguyen,22,28,166,369,203,6,22,166,203,6,0.566750629722922,225,397,cult_other,7,who+cxrsugg
all,Swindells,50,54,213,643,430,4,50,213,430,4,0.688665710186514,480,697,cult_other,8,who+cxrsugg
art,Affolabi,21,30,1289,1710,421,9,21,1289,421,9,0.254022988505747,442,1740,cult_other,2,who+cxrsugg
art,Ahmad,20,23,129,392,263,3,20,129,263,3,0.681927710843373,283,415,cult_other,6,who+cxrsugg
art,Kufa,8,8,29,188,159,0,8,29,159,0,0.852040816326531,167,196,cult,4,who+cxrsugg
art,Nguyen,12,15,92,215,123,3,12,92,123,3,0.586956521739131,135,230,cult_other,7,who+cxrsugg
noart,Affolabi,51,55,513,903,390,4,51,513,390,4,0.460334029227557,441,958,cult_other,6,who+cxrsugg
noart,Ahmad,30,32,27,144,117,2,30,27,117,2,0.835227272727273,147,176,cult_other,18,who+cxrsugg
noart,Hanifa,61,62,11,286,275,1,61,11,275,1,0.96551724137931,336,348,cult_other,18,who+cxrsugg
noart,Kerkhoff,83,85,40,389,349,2,83,40,349,2,0.911392405063291,432,474,cult_other,18,who+cxrsugg
noart,Kufa,15,15,21,172,151,0,15,21,151,0,0.887700534759358,166,187,cult,8,who+cxrsugg
noart,Modi,50,62,220,491,271,12,50,220,271,12,0.580470162748644,321,553,cult_other,11,who+cxrsugg
noart,Nguyen,10,13,74,154,80,3,10,74,80,3,0.538922155688623,90,167,cult_other,8,who+cxrsugg
noart,Swindells,50,54,213,643,430,4,50,213,430,4,0.688665710186514,480,697,cult_other,8,who+cxrsugg
cd4_less_200,Affolabi,43,48,334,631,297,5,43,334,297,5,0.500736377025037,340,679,cult_other,7,who+cxrsugg
cd4_less_200,Ahmad,24,27,34,148,114,3,24,34,114,3,0.788571428571429,138,175,cult_other,15,who+cxrsugg
cd4_less_200,Hanifa,59,59,10,270,260,0,59,10,260,0,0.969604863221885,319,329,cult_other,18,who+cxrsugg
cd4_less_200,Kerkhoff,59,61,25,245,220,2,59,25,220,2,0.911764705882353,279,306,cult_other,20,who+cxrsugg
cd4_less_200,Kufa,19,19,14,156,142,0,19,14,142,0,0.92,161,175,cult,11,who+cxrsugg
cd4_less_200,Modi,29,32,30,132,102,3,29,30,102,3,0.798780487804878,131,164,cult_other,20,who+cxrsugg
cd4_less_200,Nguyen,10,12,29,75,46,2,10,29,46,2,0.64367816091954,56,87,cult_other,14,who+cxrsugg
cd4_less_200,Swindells,25,27,41,190,149,2,25,41,149,2,0.80184331797235,174,217,cult_other,12,who+cxrsugg
cd4_high_200,Affolabi,24,32,1442,1918,476,8,24,1442,476,8,0.256410256410256,500,1950,cult_other,2,who+cxrsugg
cd4_high_200,Ahmad,26,28,122,388,266,2,26,122,266,2,0.701923076923077,292,416,cult_other,7,who+cxrsugg
cd4_high_200,Hanifa,1,2,1,15,14,1,1,1,14,1,0.882352941176471,15,17,cult_other,12,who+cxrsugg
cd4_high_200,Kerkhoff,23,23,15,143,128,0,23,15,128,0,0.909638554216867,151,166,cult_other,14,who+cxrsugg
cd4_high_200,Kufa,4,4,36,204,168,0,4,36,168,0,0.826923076923077,172,208,cult,2,who+cxrsugg
cd4_high_200,Modi,16,25,179,339,160,9,16,179,160,9,0.483516483516484,176,364,cult_other,7,who+cxrsugg
cd4_high_200,Nguyen,12,16,137,294,157,4,12,137,157,4,0.545161290322581,169,310,cult_other,5,who+cxrsugg
cd4_high_200,Swindells,25,27,170,451,281,2,25,170,281,2,0.640167364016736,306,478,cult_other,6,who+cxrsugg
pregnant,Modi,1,1,5,6,1,0,1,5,1,0,0.285714285714286,2,7,cult_other,14,who+cxrsugg
all,Gersh,0,5,365,380,15,5,0,365,15,5,0.038961038961039,15,385,cult_other,1,who_then_crp
all,Kerkhoff,74,86,210,416,206,12,74,210,206,12,0.557768924302789,280,502,cult_other,17,who_then_crp
all,Reeve,62,89,447,645,198,27,62,447,198,27,0.354223433242507,260,734,cult_other,12,who_then_crp
all,Shapiro,36,42,264,383,119,6,36,264,119,6,0.364705882352941,155,425,cult_other,10,who_then_crp
all,Yoon,207,232,844,1293,449,25,207,844,449,25,0.43016393442623,656,1525,cult_other,15,who_then_crp
art,Gersh,0,5,361,376,15,5,0,361,15,5,0.0393700787401575,15,381,cult_other,1,who_then_crp
noart,Gersh,0,0,1,1,0,0,0,1,0,0,0,0,1,cult_other,0,who_then_crp
noart,Kerkhoff,74,86,210,416,206,12,74,210,206,12,0.557768924302789,280,502,cult_other,17,who_then_crp
noart,Reeve,62,89,447,645,198,27,62,447,198,27,0.354223433242507,260,734,cult_other,12,who_then_crp
noart,Shapiro,36,42,264,383,119,6,36,264,119,6,0.364705882352941,155,425,cult_other,10,who_then_crp
noart,Yoon,207,232,844,1293,449,25,207,844,449,25,0.43016393442623,656,1525,cult_other,15,who_then_crp
cd4_less_200,Gersh,0,2,40,41,1,2,0,40,1,2,0.0232558139534884,1,43,cult_other,5,who_then_crp
cd4_less_200,Kerkhoff,52,62,122,256,134,10,52,122,134,10,0.584905660377359,186,318,cult_other,19,who_then_crp
cd4_less_200,Reeve,34,40,72,145,73,6,34,72,73,6,0.578378378378378,107,185,cult_other,22,who_then_crp
cd4_less_200,Shapiro,22,25,45,102,57,3,22,45,57,3,0.622047244094488,79,127,cult_other,20,who_then_crp
cd4_less_200,Yoon,171,187,441,733,292,16,171,441,292,16,0.503260869565217,463,920,cult_other,20,who_then_crp
cd4_high_200,Gersh,0,3,261,270,9,3,0,261,9,3,0.032967032967033,9,273,cult_other,1,who_then_crp
cd4_high_200,Kerkhoff,22,24,88,159,71,2,22,88,71,2,0.508196721311475,93,183,cult_other,13,who_then_crp
cd4_high_200,Reeve,19,39,334,438,104,20,19,334,104,20,0.257861635220126,123,477,cult_other,8,who_then_crp
cd4_high_200,Shapiro,12,15,213,269,56,3,12,213,56,3,0.23943661971831,68,284,cult_other,5,who_then_crp
cd4_high_200,Yoon,36,45,403,560,157,9,36,403,157,9,0.31900826446281,193,605,cult_other,7,who_then_crp
pregnant,Kerkhoff,0,0,11,19,8,0,0,11,8,0,0.421052631578947,8,19,cult_other,0,who_then_crp
pregnant,Yoon,2,2,27,41,14,0,2,27,14,0,0.372093023255814,16,43,cult_other,5,who_then_crp
all,Affolabi,40,85,2403,2615,212,45,40,2403,212,45,0.0933333333333333,252,2700,cult_other,3,who_then_cxrabn
all,Ahmad,33,55,359,536,177,22,33,359,177,22,0.355329949238579,210,591,cult_other,9,who_then_cxrabn
all,Hanifa,50,62,127,286,159,12,50,127,159,12,0.600574712643678,209,348,cult_other,18,who_then_cxrabn
all,Kerkhoff,59,86,231,390,159,27,59,231,159,27,0.457983193277311,218,476,cult_other,18,who_then_cxrabn
all,Kufa,20,23,246,361,115,3,20,246,115,3,0.3515625,135,384,cult,6,who_then_cxrabn
all,Modi,39,62,359,496,137,23,39,359,137,23,0.315412186379928,176,558,cult_other,11,who_then_cxrabn
all,Swindells,26,54,534,643,109,28,26,534,109,28,0.193687230989957,135,697,cult_other,8,who_then_cxrabn
all,Thit,5,9,345,423,78,4,5,345,78,4,0.19212962962963,83,432,cult_other,2,who_then_cxrabn
art,Affolabi,12,30,1598,1711,113,18,12,1598,113,18,0.0717978173463527,125,1741,cult_other,2,who_then_cxrabn
art,Ahmad,11,23,277,392,115,12,11,277,115,12,0.303614457831325,126,415,cult_other,6,who_then_cxrabn
art,Kufa,8,8,133,189,56,0,8,133,56,0,0.324873096446701,64,197,cult,4,who_then_cxrabn
art,Thit,4,8,258,309,51,4,4,258,51,4,0.173501577287066,55,317,cult_other,3,who_then_cxrabn
noart,Affolabi,28,55,805,904,99,27,28,805,99,27,0.132429614181439,127,959,cult_other,6,who_then_cxrabn
noart,Ahmad,22,32,82,144,62,10,22,82,62,10,0.477272727272727,84,176,cult_other,18,who_then_cxrabn
noart,Hanifa,50,62,127,286,159,12,50,127,159,12,0.600574712643678,209,348,cult_other,18,who_then_cxrabn
noart,Kerkhoff,59,86,231,390,159,27,59,231,159,27,0.457983193277311,218,476,cult_other,18,who_then_cxrabn
noart,Kufa,12,15,113,172,59,3,12,113,59,3,0.379679144385027,71,187,cult,8,who_then_cxrabn
noart,Modi,39,62,359,496,137,23,39,359,137,23,0.315412186379928,176,558,cult_other,11,who_then_cxrabn
noart,Swindells,26,54,534,643,109,28,26,534,109,28,0.193687230989957,135,697,cult_other,8,who_then_cxrabn
noart,Thit,1,1,87,114,27,0,1,87,27,0,0.243478260869565,28,115,cult_other,1,who_then_cxrabn
cd4_less_200,Affolabi,26,48,545,633,88,22,26,545,88,22,0.167400881057269,114,681,cult_other,7,who_then_cxrabn
cd4_less_200,Ahmad,19,27,91,148,57,8,19,91,57,8,0.434285714285714,76,175,cult_other,15,who_then_cxrabn
cd4_less_200,Hanifa,48,59,121,270,149,11,48,121,149,11,0.598784194528875,197,329,cult_other,18,who_then_cxrabn
cd4_less_200,Kerkhoff,42,62,147,246,99,20,42,147,99,20,0.457792207792208,141,308,cult_other,20,who_then_cxrabn
cd4_less_200,Kufa,16,19,98,156,58,3,16,98,58,3,0.422857142857143,74,175,cult,11,who_then_cxrabn
cd4_less_200,Modi,22,32,77,135,58,10,22,77,58,10,0.479041916167665,80,167,cult_other,19,who_then_cxrabn
cd4_less_200,Swindells,11,27,143,190,47,16,11,143,47,16,0.267281105990783,58,217,cult_other,12,who_then_cxrabn
cd4_less_200,Thit,3,5,101,142,41,2,3,101,41,2,0.299319727891156,44,147,cult_other,3,who_then_cxrabn
cd4_high_200,Affolabi,12,32,1805,1918,113,20,12,1805,113,20,0.0641025641025641,125,1950,cult_other,2,who_then_cxrabn
cd4_high_200,Ahmad,14,28,268,388,120,14,14,268,120,14,0.322115384615385,134,416,cult_other,7,who_then_cxrabn
cd4_high_200,Hanifa,1,2,6,15,9,1,1,6,9,1,0.588235294117647,10,17,cult_other,12,who_then_cxrabn
cd4_high_200,Kerkhoff,16,23,83,143,60,7,16,83,60,7,0.457831325301205,76,166,cult_other,14,who_then_cxrabn
cd4_high_200,Kufa,4,4,148,205,57,0,4,148,57,0,0.291866028708134,61,209,cult,2,who_then_cxrabn
cd4_high_200,Modi,12,25,265,341,76,13,12,265,76,13,0.240437158469945,88,366,cult_other,7,who_then_cxrabn
cd4_high_200,Swindells,15,27,389,451,62,12,15,389,62,12,0.161087866108787,77,478,cult_other,6,who_then_cxrabn
cd4_high_200,Thit,1,3,244,281,37,2,1,244,37,2,0.133802816901408,38,284,cult_other,1,who_then_cxrabn
pregnant,Modi,1,1,7,7,0,0,1,7,0,0,0.125,1,8,cult_other,12,who_then_cxrabn
all,Affolabi,32,85,2530,2613,83,53,32,2530,83,53,0.0426241660489251,115,2698,cult_other,3,who_then_cxrsugg
all,Ahmad,27,55,410,536,126,28,27,410,126,28,0.258883248730964,153,591,cult_other,9,who_then_cxrsugg
all,Hanifa,45,62,162,286,124,17,45,162,124,17,0.485632183908046,169,348,cult_other,18,who_then_cxrsugg
all,Kerkhoff,56,85,264,389,125,29,56,264,125,29,0.381856540084388,181,474,cult_other,18,who_then_cxrsugg
all,Kufa,18,23,307,360,53,5,18,307,53,5,0.185378590078329,71,383,cult,6,who_then_cxrsugg
all,Modi,33,62,436,491,55,29,33,436,55,29,0.159132007233273,88,553,cult_other,11,who_then_cxrsugg
all,Nguyen,12,28,332,369,37,16,12,332,37,16,0.123425692695214,49,397,cult_other,7,who_then_cxrsugg
all,Swindells,23,54,572,643,71,31,23,572,71,31,0.134863701578192,94,697,cult_other,8,who_then_cxrsugg
art,Affolabi,9,30,1671,1710,39,21,9,1671,39,21,0.0275862068965517,48,1740,cult_other,2,who_then_cxrsugg
art,Ahmad,11,23,317,392,75,12,11,317,75,12,0.207228915662651,86,415,cult_other,6,who_then_cxrsugg
art,Kufa,7,8,161,188,27,1,7,161,27,1,0.173469387755102,34,196,cult,4,who_then_cxrsugg
art,Nguyen,7,15,191,215,24,8,7,191,24,8,0.134782608695652,31,230,cult_other,7,who_then_cxrsugg
noart,Affolabi,23,55,859,903,44,32,23,859,44,32,0.069937369519833,67,958,cult_other,6,who_then_cxrsugg
noart,Ahmad,16,32,93,144,51,16,16,93,51,16,0.380681818181818,67,176,cult_other,18,who_then_cxrsugg
noart,Hanifa,45,62,162,286,124,17,45,162,124,17,0.485632183908046,169,348,cult_other,18,who_then_cxrsugg
noart,Kerkhoff,56,85,264,389,125,29,56,264,125,29,0.381856540084388,181,474,cult_other,18,who_then_cxrsugg
noart,Kufa,11,15,146,172,26,4,11,146,26,4,0.197860962566845,37,187,cult,8,who_then_cxrsugg
noart,Modi,33,62,436,491,55,29,33,436,55,29,0.159132007233273,88,553,cult_other,11,who_then_cxrsugg
noart,Nguyen,5,13,141,154,13,8,5,141,13,8,0.107784431137725,18,167,cult_other,8,who_then_cxrsugg
noart,Swindells,23,54,572,643,71,31,23,572,71,31,0.134863701578192,94,697,cult_other,8,who_then_cxrsugg
cd4_less_200,Affolabi,22,48,591,631,40,26,22,591,40,26,0.0913107511045655,62,679,cult_other,7,who_then_cxrsugg
cd4_less_200,Ahmad,15,27,112,148,36,12,15,112,36,12,0.291428571428571,51,175,cult_other,15,who_then_cxrsugg
cd4_less_200,Hanifa,43,59,152,270,118,16,43,152,118,16,0.48936170212766,161,329,cult_other,18,who_then_cxrsugg
cd4_less_200,Kerkhoff,39,61,165,245,80,22,39,165,80,22,0.388888888888889,119,306,cult_other,20,who_then_cxrsugg
cd4_less_200,Kufa,14,19,125,156,31,5,14,125,31,5,0.257142857142857,45,175,cult,11,who_then_cxrsugg
cd4_less_200,Modi,18,32,105,132,27,14,18,105,27,14,0.274390243902439,45,164,cult_other,20,who_then_cxrsugg
cd4_less_200,Nguyen,5,12,62,75,13,7,5,62,13,7,0.206896551724138,18,87,cult_other,14,who_then_cxrsugg
cd4_less_200,Swindells,10,27,153,190,37,17,10,153,37,17,0.216589861751152,47,217,cult_other,12,who_then_cxrsugg
cd4_high_200,Affolabi,8,32,1878,1918,40,24,8,1878,40,24,0.0246153846153846,48,1950,cult_other,2,who_then_cxrsugg
cd4_high_200,Ahmad,12,28,298,388,90,16,12,298,90,16,0.245192307692308,102,416,cult_other,7,who_then_cxrsugg
cd4_high_200,Hanifa,1,2,9,15,6,1,1,9,6,1,0.411764705882353,7,17,cult_other,12,who_then_cxrsugg
cd4_high_200,Kerkhoff,16,23,98,143,45,7,16,98,45,7,0.367469879518072,61,166,cult_other,14,who_then_cxrsugg
cd4_high_200,Kufa,4,4,182,204,22,0,4,182,22,0,0.125,26,208,cult,2,who_then_cxrsugg
cd4_high_200,Modi,10,25,313,339,26,15,10,313,26,15,0.0989010989010989,36,364,cult_other,7,who_then_cxrsugg
cd4_high_200,Nguyen,7,16,270,294,24,9,7,270,24,9,0.1,31,310,cult_other,5,who_then_cxrsugg
cd4_high_200,Swindells,13,27,417,451,34,14,13,417,34,14,0.098326359832636,47,478,cult_other,6,who_then_cxrsugg
pregnant,Modi,1,1,6,6,0,0,1,6,0,0,0.142857142857143,1,7,cult_other,14,who_then_cxrsugg
all,Affolabi,55,85,2639,2657,18,30,55,2639,18,30,0.0266229029905179,73,2742,cult_other,3,who_then_xpert
all,Al Darraji,6,15,110,110,0,9,6,110,0,9,0.048,6,125,cult_other,12,who_then_xpert
all,Balcha,80,123,667,678,11,43,80,667,11,43,0.113607990012484,91,801,cult,15,who_then_xpert
all,Bjerrum,17,21,114,117,3,4,17,114,3,4,0.144927536231884,20,138,cult_other,15,who_then_xpert
all,Gersh,0,5,379,379,0,5,0,379,0,5,0,0,384,cult_other,1,who_then_xpert
all,Kemper,8,12,87,89,2,4,8,87,2,4,0.099009900990099,10,101,cult_other,12,who_then_xpert
all,Kerkhoff,62,89,427,433,6,27,62,427,6,27,0.130268199233716,68,522,cult_other,17,who_then_xpert
all,LaCourse,2,7,282,282,0,5,2,282,0,5,0.0069204152249135,2,289,cult_other,2,who_then_xpert
all,Modi,40,71,640,645,5,31,40,640,5,31,0.0628491620111732,45,716,cult_other,10,who_then_xpert
all,Reeve,47,93,655,658,3,46,47,655,3,46,0.066577896138482,50,751,cult_other,12,who_then_xpert
all,Thit,4,10,434,453,19,6,4,434,19,6,0.0496760259179266,23,463,cult_other,2,who_then_xpert
all,Yoon,131,232,1283,1293,10,101,131,1283,10,101,0.0924590163934426,141,1525,cult_other,15,who_then_xpert
art,Affolabi,13,30,1736,1741,5,17,13,1736,5,17,0.0101637492941841,18,1771,cult_other,2,who_then_xpert
art,Gersh,0,5,375,375,0,5,0,375,0,5,0,0,380,cult_other,1,who_then_xpert
art,LaCourse,1,4,152,152,0,3,1,152,0,3,0.00641025641025641,1,156,cult_other,3,who_then_xpert
art,Thit,4,9,316,329,13,5,4,316,13,5,0.0502958579881657,17,338,cult_other,3,who_then_xpert
noart,Affolabi,42,55,903,916,13,13,42,903,13,13,0.0566426364572606,55,971,cult_other,6,who_then_xpert
noart,Balcha,80,123,667,678,11,43,80,667,11,43,0.113607990012484,91,801,cult,15,who_then_xpert
noart,Bjerrum,17,21,114,117,3,4,17,114,3,4,0.144927536231884,20,138,cult_other,15,who_then_xpert
noart,Gersh,0,0,1,1,0,0,0,1,0,0,0,0,1,cult_other,0,who_then_xpert
noart,Kemper,8,12,87,89,2,4,8,87,2,4,0.099009900990099,10,101,cult_other,12,who_then_xpert
noart,Kerkhoff,62,89,427,433,6,27,62,427,6,27,0.130268199233716,68,522,cult_other,17,who_then_xpert
noart,LaCourse,1,3,130,130,0,2,1,130,0,2,0.0075187969924812,1,133,cult_other,2,who_then_xpert
noart,Modi,40,71,640,645,5,31,40,640,5,31,0.0628491620111732,45,716,cult_other,10,who_then_xpert
noart,Reeve,47,93,655,658,3,46,47,655,3,46,0.066577896138482,50,751,cult_other,12,who_then_xpert
noart,Thit,0,1,118,124,6,1,0,118,6,1,0.048,6,125,cult_other,1,who_then_xpert
noart,Yoon,131,232,1283,1293,10,101,131,1283,10,101,0.0924590163934426,141,1525,cult_other,15,who_then_xpert
cd4_less_200,Affolabi,35,48,628,639,11,13,35,628,11,13,0.066957787481805,46,687,cult_other,7,who_then_xpert
cd4_less_200,Al Darraji,3,7,30,30,0,4,3,30,0,4,0.0810810810810811,3,37,cult_other,19,who_then_xpert
cd4_less_200,Balcha,59,78,292,297,5,19,59,292,5,19,0.170666666666667,64,375,cult,21,who_then_xpert
cd4_less_200,Bjerrum,13,15,75,77,2,2,13,75,2,2,0.16304347826087,15,92,cult_other,16,who_then_xpert
cd4_less_200,Gersh,0,2,42,42,0,2,0,42,0,2,0,0,44,cult_other,5,who_then_xpert
cd4_less_200,Kemper,7,10,53,54,1,3,7,53,1,3,0.125,8,64,cult_other,16,who_then_xpert
cd4_less_200,Kerkhoff,48,64,263,267,4,16,48,263,4,16,0.157099697885196,52,331,cult_other,19,who_then_xpert
cd4_less_200,LaCourse,0,0,17,17,0,0,0,17,0,0,0,0,17,cult_other,0,who_then_xpert
cd4_less_200,Modi,24,36,151,155,4,12,24,151,4,12,0.146596858638743,28,191,cult_other,19,who_then_xpert
cd4_less_200,Reeve,26,42,150,152,2,16,26,150,2,16,0.144329896907216,28,194,cult_other,22,who_then_xpert
cd4_less_200,Thit,3,5,140,153,13,2,3,140,13,2,0.10126582278481,16,158,cult_other,3,who_then_xpert
cd4_less_200,Yoon,107,187,726,733,7,80,107,726,7,80,0.123913043478261,114,920,cult_other,20,who_then_xpert
cd4_high_200,Affolabi,17,32,1948,1954,6,15,17,1948,6,15,0.0115810674723061,23,1986,cult_other,2,who_then_xpert
cd4_high_200,Al Darraji,3,8,80,80,0,5,3,80,0,5,0.0340909090909091,3,88,cult_other,9,who_then_xpert
cd4_high_200,Balcha,21,45,370,376,6,24,21,370,6,24,0.0641330166270784,27,421,cult,11,who_then_xpert
cd4_high_200,Bjerrum,4,6,38,39,1,2,4,38,1,2,0.111111111111111,5,45,cult_other,13,who_then_xpert
cd4_high_200,Gersh,0,3,267,267,0,3,0,267,0,3,0,0,270,cult_other,1,who_then_xpert
cd4_high_200,Kemper,1,2,34,35,1,1,1,34,1,1,0.0540540540540541,2,37,cult_other,5,who_then_xpert
cd4_high_200,Kerkhoff,13,24,163,165,2,11,13,163,2,11,0.0793650793650794,15,189,cult_other,13,who_then_xpert
cd4_high_200,LaCourse,2,6,216,216,0,4,2,216,0,4,0.00900900900900901,2,222,cult_other,3,who_then_xpert
cd4_high_200,Modi,12,30,447,448,1,18,12,447,1,18,0.0271966527196653,13,478,cult_other,6,who_then_xpert
cd4_high_200,Reeve,14,41,441,442,1,27,14,441,1,27,0.031055900621118,15,483,cult_other,8,who_then_xpert
cd4_high_200,Thit,1,4,294,300,6,3,1,294,6,3,0.0230263157894737,7,304,cult_other,1,who_then_xpert
cd4_high_200,Yoon,24,45,557,560,3,21,24,557,3,21,0.0446280991735537,27,605,cult_other,7,who_then_xpert
pregnant,Bjerrum,0,0,6,6,0,0,0,6,0,0,0,0,6,cult_other,0,who_then_xpert
pregnant,Kerkhoff,0,0,20,20,0,0,0,20,0,0,0,0,20,cult_other,0,who_then_xpert
pregnant,LaCourse,2,7,282,282,0,5,2,282,0,5,0.0069204152249135,2,289,cult_other,2,who_then_xpert
pregnant,Modi,2,5,126,126,0,3,2,126,0,3,0.0152671755725191,2,131,cult_other,4,who_then_xpert
pregnant,Yoon,1,2,41,41,0,1,1,41,0,1,0.0232558139534884,1,43,cult_other,5,who_then_xpert
all,Gersh,0,5,377,377,0,5,0,377,0,5,0,0,382,cult_other,1,crp10_then_xpert
all,Kerkhoff,53,86,410,416,6,33,53,410,6,33,0.117529880478088,59,502,cult_other,17,crp10_then_xpert
all,Reeve,50,89,599,601,2,39,50,599,2,39,0.0753623188405797,52,690,cult_other,13,crp10_then_xpert
all,Yoon,123,232,1288,1293,5,109,123,1288,5,109,0.0839344262295082,128,1525,cult_other,15,crp10_then_xpert
art,Gersh,0,5,373,373,0,5,0,373,0,5,0,0,378,cult_other,1,crp10_then_xpert
noart,Gersh,0,0,1,1,0,0,0,1,0,0,0,0,1,cult_other,0,crp10_then_xpert
noart,Kerkhoff,53,86,410,416,6,33,53,410,6,33,0.117529880478088,59,502,cult_other,17,crp10_then_xpert
noart,Reeve,50,89,599,601,2,39,50,599,2,39,0.0753623188405797,52,690,cult_other,13,crp10_then_xpert
noart,Yoon,123,232,1288,1293,5,109,123,1288,5,109,0.0839344262295082,128,1525,cult_other,15,crp10_then_xpert
cd4_less_200,Gersh,0,2,41,41,0,2,0,41,0,2,0,0,43,cult_other,5,crp10_then_xpert
cd4_less_200,Kerkhoff,43,62,252,256,4,19,43,252,4,19,0.147798742138365,47,318,cult_other,19,crp10_then_xpert
cd4_less_200,Reeve,28,40,133,135,2,12,28,133,2,12,0.171428571428571,30,175,cult_other,23,crp10_then_xpert
cd4_less_200,Yoon,100,187,728,733,5,87,100,728,5,87,0.114130434782609,105,920,cult_other,20,crp10_then_xpert
cd4_high_200,Gersh,0,3,267,267,0,3,0,267,0,3,0,0,270,cult_other,1,crp10_then_xpert
cd4_high_200,Kerkhoff,10,24,157,159,2,14,10,157,2,14,0.0655737704918033,12,183,cult_other,13,crp10_then_xpert
cd4_high_200,Reeve,15,39,411,411,0,24,15,411,0,24,0.0333333333333333,15,450,cult_other,9,crp10_then_xpert
cd4_high_200,Yoon,23,45,560,560,0,22,23,560,0,22,0.0380165289256198,23,605,cult_other,7,crp10_then_xpert
pregnant,Kerkhoff,0,0,19,19,0,0,0,19,0,0,0,0,19,cult_other,0,crp10_then_xpert
pregnant,Yoon,1,2,41,41,0,1,1,41,0,1,0.0232558139534884,1,43,cult_other,5,crp10_then_xpert
all,Affolabi,55,85,2639,2657,18,30,55,2639,18,30,0.0266229029905179,73,2742,cult_other,3,who_then_sputum_xpert
all,Al Darraji,6,15,110,110,0,9,6,110,0,9,0.048,6,125,cult_other,12,who_then_sputum_xpert
all,Balcha,79,123,668,678,10,44,79,668,10,44,0.111111111111111,89,801,cult,15,who_then_sputum_xpert
all,Bjerrum,17,21,114,117,3,4,17,114,3,4,0.144927536231884,20,138,cult_other,15,who_then_sputum_xpert
all,Gersh,0,5,379,379,0,5,0,379,0,5,0,0,384,cult_other,1,who_then_sputum_xpert
all,Kemper,8,12,87,89,2,4,8,87,2,4,0.099009900990099,10,101,cult_other,12,who_then_sputum_xpert
all,Kerkhoff,48,89,428,432,4,41,48,428,4,41,0.0998080614203455,52,521,cult_other,17,who_then_sputum_xpert
all,LaCourse,2,7,282,282,0,5,2,282,0,5,0.0069204152249135,2,289,cult_other,2,who_then_sputum_xpert
all,Modi,34,71,642,645,3,37,34,642,3,37,0.0516759776536313,37,716,cult_other,10,who_then_sputum_xpert
all,Reeve,47,93,655,658,3,46,47,655,3,46,0.066577896138482,50,751,cult_other,12,who_then_sputum_xpert
all,Thit,4,10,434,453,19,6,4,434,19,6,0.0496760259179266,23,463,cult_other,2,who_then_sputum_xpert
all,Yoon,131,232,1283,1293,10,101,131,1283,10,101,0.0924590163934426,141,1525,cult_other,15,who_then_sputum_xpert
art,Affolabi,13,30,1736,1741,5,17,13,1736,5,17,0.0101637492941841,18,1771,cult_other,2,who_then_sputum_xpert
art,Gersh,0,5,375,375,0,5,0,375,0,5,0,0,380,cult_other,1,who_then_sputum_xpert
art,LaCourse,1,4,152,152,0,3,1,152,0,3,0.00641025641025641,1,156,cult_other,3,who_then_sputum_xpert
art,Thit,4,9,316,329,13,5,4,316,13,5,0.0502958579881657,17,338,cult_other,3,who_then_sputum_xpert
noart,Affolabi,42,55,903,916,13,13,42,903,13,13,0.0566426364572606,55,971,cult_other,6,who_then_sputum_xpert
noart,Balcha,79,123,668,678,10,44,79,668,10,44,0.111111111111111,89,801,cult,15,who_then_sputum_xpert
noart,Bjerrum,17,21,114,117,3,4,17,114,3,4,0.144927536231884,20,138,cult_other,15,who_then_sputum_xpert
noart,Gersh,0,0,1,1,0,0,0,1,0,0,0,0,1,cult_other,0,who_then_sputum_xpert
noart,Kemper,8,12,87,89,2,4,8,87,2,4,0.099009900990099,10,101,cult_other,12,who_then_sputum_xpert
noart,Kerkhoff,48,89,428,432,4,41,48,428,4,41,0.0998080614203455,52,521,cult_other,17,who_then_sputum_xpert
noart,LaCourse,1,3,130,130,0,2,1,130,0,2,0.0075187969924812,1,133,cult_other,2,who_then_sputum_xpert
noart,Modi,34,71,642,645,3,37,34,642,3,37,0.0516759776536313,37,716,cult_other,10,who_then_sputum_xpert
noart,Reeve,47,93,655,658,3,46,47,655,3,46,0.066577896138482,50,751,cult_other,12,who_then_sputum_xpert
noart,Thit,0,1,118,124,6,1,0,118,6,1,0.048,6,125,cult_other,1,who_then_sputum_xpert
noart,Yoon,131,232,1283,1293,10,101,131,1283,10,101,0.0924590163934426,141,1525,cult_other,15,who_then_sputum_xpert
cd4_less_200,Affolabi,35,48,628,639,11,13,35,628,11,13,0.066957787481805,46,687,cult_other,7,who_then_sputum_xpert
cd4_less_200,Al Darraji,3,7,30,30,0,4,3,30,0,4,0.0810810810810811,3,37,cult_other,19,who_then_sputum_xpert
cd4_less_200,Balcha,59,78,292,297,5,19,59,292,5,19,0.170666666666667,64,375,cult,21,who_then_sputum_xpert
cd4_less_200,Bjerrum,13,15,75,77,2,2,13,75,2,2,0.16304347826087,15,92,cult_other,16,who_then_sputum_xpert
cd4_less_200,Gersh,0,2,42,42,0,2,0,42,0,2,0,0,44,cult_other,5,who_then_sputum_xpert
cd4_less_200,Kemper,7,10,53,54,1,3,7,53,1,3,0.125,8,64,cult_other,16,who_then_sputum_xpert
cd4_less_200,Kerkhoff,36,64,264,267,3,28,36,264,3,28,0.117824773413897,39,331,cult_other,19,who_then_sputum_xpert
cd4_less_200,LaCourse,0,0,17,17,0,0,0,17,0,0,0,0,17,cult_other,0,who_then_sputum_xpert
cd4_less_200,Modi,19,36,152,155,3,17,19,152,3,17,0.115183246073298,22,191,cult_other,19,who_then_sputum_xpert
cd4_less_200,Reeve,26,42,150,152,2,16,26,150,2,16,0.144329896907216,28,194,cult_other,22,who_then_sputum_xpert
cd4_less_200,Thit,3,5,140,153,13,2,3,140,13,2,0.10126582278481,16,158,cult_other,3,who_then_sputum_xpert
cd4_less_200,Yoon,107,187,726,733,7,80,107,726,7,80,0.123913043478261,114,920,cult_other,20,who_then_sputum_xpert
cd4_high_200,Affolabi,17,32,1948,1954,6,15,17,1948,6,15,0.0115810674723061,23,1986,cult_other,2,who_then_sputum_xpert
cd4_high_200,Al Darraji,3,8,80,80,0,5,3,80,0,5,0.0340909090909091,3,88,cult_other,9,who_then_sputum_xpert
cd4_high_200,Balcha,20,45,371,376,5,25,20,371,5,25,0.0593824228028504,25,421,cult,11,who_then_sputum_xpert
cd4_high_200,Bjerrum,4,6,38,39,1,2,4,38,1,2,0.111111111111111,5,45,cult_other,13,who_then_sputum_xpert
cd4_high_200,Gersh,0,3,267,267,0,3,0,267,0,3,0,0,270,cult_other,1,who_then_sputum_xpert
cd4_high_200,Kemper,1,2,34,35,1,1,1,34,1,1,0.0540540540540541,2,37,cult_other,5,who_then_sputum_xpert
cd4_high_200,Kerkhoff,11,24,163,164,1,13,11,163,1,13,0.0638297872340426,12,188,cult_other,13,who_then_sputum_xpert
cd4_high_200,LaCourse,2,6,216,216,0,4,2,216,0,4,0.00900900900900901,2,222,cult_other,3,who_then_sputum_xpert
cd4_high_200,Modi,11,30,448,448,0,19,11,448,0,19,0.0230125523012552,11,478,cult_other,6,who_then_sputum_xpert
cd4_high_200,Reeve,14,41,441,442,1,27,14,441,1,27,0.031055900621118,15,483,cult_other,8,who_then_sputum_xpert
cd4_high_200,Thit,1,4,294,300,6,3,1,294,6,3,0.0230263157894737,7,304,cult_other,1,who_then_sputum_xpert
cd4_high_200,Yoon,24,45,557,560,3,21,24,557,3,21,0.0446280991735537,27,605,cult_other,7,who_then_sputum_xpert
pregnant,Bjerrum,0,0,6,6,0,0,0,6,0,0,0,0,6,cult_other,0,who_then_sputum_xpert
pregnant,Kerkhoff,0,0,20,20,0,0,0,20,0,0,0,0,20,cult_other,0,who_then_sputum_xpert
pregnant,LaCourse,2,7,282,282,0,5,2,282,0,5,0.0069204152249135,2,289,cult_other,2,who_then_sputum_xpert
pregnant,Modi,2,5,126,126,0,3,2,126,0,3,0.0152671755725191,2,131,cult_other,4,who_then_sputum_xpert
pregnant,Yoon,1,2,41,41,0,1,1,41,0,1,0.0232558139534884,1,43,cult_other,5,who_then_sputum_xpert
all,Affolabi,59,85,1956,2657,701,26,59,1956,701,26,0.277169948942378,760,2742,cult_other,3,who_xpert_pos_calc
all,Al Darraji,11,15,36,110,74,4,11,36,74,4,0.68,85,125,cult_other,12,who_xpert_pos_calc
all,Balcha,114,123,150,678,528,9,114,150,528,9,0.801498127340824,642,801,cult,15,who_xpert_pos_calc
all,Bjerrum,19,21,10,117,107,2,19,10,107,2,0.91304347826087,126,138,cult_other,15,who_xpert_pos_calc
all,Gersh,0,5,333,379,46,5,0,333,46,5,0.119791666666667,46,384,cult_other,1,who_xpert_pos_calc
all,Kemper,11,12,40,89,49,1,11,40,49,1,0.594059405940594,60,101,cult_other,12,who_xpert_pos_calc
all,Kerkhoff,83,89,65,433,368,6,83,65,368,6,0.863984674329502,451,522,cult_other,17,who_xpert_pos_calc
all,LaCourse,3,7,229,282,53,4,3,229,53,4,0.193771626297578,56,289,cult_other,2,who_xpert_pos_calc
all,Modi,51,71,333,645,312,20,51,333,312,20,0.506983240223464,363,716,cult_other,10,who_xpert_pos_calc
all,Reeve,69,93,316,658,342,24,69,316,342,24,0.547270306258322,411,751,cult_other,12,who_xpert_pos_calc
all,Thit,8,10,238,453,215,2,8,238,215,2,0.481641468682505,223,463,cult_other,2,who_xpert_pos_calc
all,Yoon,223,232,181,1293,1112,9,223,181,1112,9,0.875409836065574,1335,1525,cult_other,15,who_xpert_pos_calc
art,Affolabi,14,30,1416,1741,325,16,14,1416,325,16,0.1914172783738,339,1771,cult_other,2,who_xpert_pos_calc
art,Gersh,0,5,329,375,46,5,0,329,46,5,0.121052631578947,46,380,cult_other,1,who_xpert_pos_calc
art,LaCourse,1,4,129,152,23,3,1,129,23,3,0.153846153846154,24,156,cult_other,3,who_xpert_pos_calc
art,Thit,7,9,181,329,148,2,7,181,148,2,0.458579881656805,155,338,cult_other,3,who_xpert_pos_calc
noart,Affolabi,45,55,540,916,376,10,45,540,376,10,0.433573635427394,421,971,cult_other,6,who_xpert_pos_calc
noart,Balcha,114,123,150,678,528,9,114,150,528,9,0.801498127340824,642,801,cult,15,who_xpert_pos_calc
noart,Bjerrum,19,21,10,117,107,2,19,10,107,2,0.91304347826087,126,138,cult_other,15,who_xpert_pos_calc
noart,Gersh,0,0,1,1,0,0,0,1,0,0,0,0,1,cult_other,0,who_xpert_pos_calc
noart,Kemper,11,12,40,89,49,1,11,40,49,1,0.594059405940594,60,101,cult_other,12,who_xpert_pos_calc
noart,Kerkhoff,83,89,65,433,368,6,83,65,368,6,0.863984674329502,451,522,cult_other,17,who_xpert_pos_calc
noart,LaCourse,2,3,100,130,30,1,2,100,30,1,0.240601503759399,32,133,cult_other,2,who_xpert_pos_calc
noart,Modi,51,71,333,645,312,20,51,333,312,20,0.506983240223464,363,716,cult_other,10,who_xpert_pos_calc
noart,Reeve,69,93,316,658,342,24,69,316,342,24,0.547270306258322,411,751,cult_other,12,who_xpert_pos_calc
noart,Thit,1,1,57,124,67,0,1,57,67,0,0.544,68,125,cult_other,1,who_xpert_pos_calc
noart,Yoon,223,232,181,1293,1112,9,223,181,1112,9,0.875409836065574,1335,1525,cult_other,15,who_xpert_pos_calc
cd4_less_200,Affolabi,38,48,352,639,287,10,38,352,287,10,0.473071324599709,325,687,cult_other,7,who_xpert_pos_calc
cd4_less_200,Al Darraji,4,7,9,30,21,3,4,9,21,3,0.675675675675676,25,37,cult_other,19,who_xpert_pos_calc
cd4_less_200,Balcha,75,78,53,297,244,3,75,53,244,3,0.850666666666667,319,375,cult,21,who_xpert_pos_calc
cd4_less_200,Bjerrum,14,15,5,77,72,1,14,5,72,1,0.934782608695652,86,92,cult_other,16,who_xpert_pos_calc
cd4_less_200,Gersh,0,2,38,42,4,2,0,38,4,2,0.0909090909090909,4,44,cult_other,5,who_xpert_pos_calc
cd4_less_200,Kemper,9,10,16,54,38,1,9,16,38,1,0.734375,47,64,cult_other,16,who_xpert_pos_calc
cd4_less_200,Kerkhoff,58,64,37,267,230,6,58,37,230,6,0.870090634441088,288,331,cult_other,19,who_xpert_pos_calc
cd4_less_200,LaCourse,0,0,16,17,1,0,0,16,1,0,0.0588235294117647,1,17,cult_other,0,who_xpert_pos_calc
cd4_less_200,Modi,31,36,38,155,117,5,31,38,117,5,0.774869109947644,148,191,cult_other,19,who_xpert_pos_calc
cd4_less_200,Reeve,36,42,53,152,99,6,36,53,99,6,0.695876288659794,135,194,cult_other,22,who_xpert_pos_calc
cd4_less_200,Thit,5,5,58,153,95,0,5,58,95,0,0.632911392405063,100,158,cult_other,3,who_xpert_pos_calc
cd4_less_200,Yoon,185,187,81,733,652,2,185,81,652,2,0.909782608695652,837,920,cult_other,20,who_xpert_pos_calc
cd4_high_200,Affolabi,18,32,1573,1954,381,14,18,1573,381,14,0.200906344410876,399,1986,cult_other,2,who_xpert_pos_calc
cd4_high_200,Al Darraji,7,8,27,80,53,1,7,27,53,1,0.681818181818182,60,88,cult_other,9,who_xpert_pos_calc
cd4_high_200,Balcha,39,45,95,376,281,6,39,95,281,6,0.760095011876485,320,421,cult,11,who_xpert_pos_calc
cd4_high_200,Bjerrum,5,6,5,39,34,1,5,5,34,1,0.866666666666667,39,45,cult_other,13,who_xpert_pos_calc
cd4_high_200,Gersh,0,3,238,267,29,3,0,238,29,3,0.107407407407407,29,270,cult_other,1,who_xpert_pos_calc
cd4_high_200,Kemper,2,2,24,35,11,0,2,24,11,0,0.351351351351351,13,37,cult_other,5,who_xpert_pos_calc
cd4_high_200,Kerkhoff,24,24,28,165,137,0,24,28,137,0,0.851851851851852,161,189,cult_other,13,who_xpert_pos_calc
cd4_high_200,LaCourse,3,6,171,216,45,3,3,171,45,3,0.216216216216216,48,222,cult_other,3,who_xpert_pos_calc
cd4_high_200,Modi,15,30,269,448,179,15,15,269,179,15,0.405857740585774,194,478,cult_other,6,who_xpert_pos_calc
cd4_high_200,Reeve,24,41,228,442,214,17,24,228,214,17,0.492753623188406,238,483,cult_other,8,who_xpert_pos_calc
cd4_high_200,Thit,2,4,180,300,120,2,2,180,120,2,0.401315789473684,122,304,cult_other,1,who_xpert_pos_calc
cd4_high_200,Yoon,38,45,100,560,460,7,38,100,460,7,0.823140495867769,498,605,cult_other,7,who_xpert_pos_calc
pregnant,Bjerrum,0,0,2,6,4,0,0,2,4,0,0.666666666666667,4,6,cult_other,0,who_xpert_pos_calc
pregnant,Kerkhoff,0,0,11,20,9,0,0,11,9,0,0.45,9,20,cult_other,0,who_xpert_pos_calc
pregnant,LaCourse,3,7,229,282,53,4,3,229,53,4,0.193771626297578,56,289,cult_other,2,who_xpert_pos_calc
pregnant,Modi,2,5,95,126,31,3,2,95,31,3,0.251908396946565,33,131,cult_other,4,who_xpert_pos_calc
pregnant,Yoon,2,2,8,41,33,0,2,8,33,0,0.813953488372093,35,43,cult_other,5,who_xpert_pos_calc
all,Affolabi,55,59,683,701,18,4,55,683,18,4,0.0960526315789474,73,760,cult_other,8,xpert_in_whopos
all,Al Darraji,6,11,74,74,0,5,6,74,0,5,0.0705882352941176,6,85,cult_other,13,xpert_in_whopos
all,Balcha,80,114,517,528,11,34,80,517,11,34,0.141744548286604,91,642,cult,18,xpert_in_whopos
all,Bjerrum,17,19,104,107,3,2,17,104,3,2,0.158730158730159,20,126,cult_other,15,xpert_in_whopos
all,Gersh,0,0,46,46,0,0,0,46,0,0,0,0,46,cult_other,0,xpert_in_whopos
all,Kemper,8,11,47,49,2,3,8,47,2,3,0.166666666666667,10,60,cult_other,18,xpert_in_whopos
all,Kerkhoff,62,83,362,368,6,21,62,362,6,21,0.150776053215078,68,451,cult_other,18,xpert_in_whopos
all,LaCourse,2,3,53,53,0,1,2,53,0,1,0.0357142857142857,2,56,cult_other,5,xpert_in_whopos
all,Modi,40,51,307,312,5,11,40,307,5,11,0.12396694214876,45,363,cult_other,14,xpert_in_whopos
all,Reeve,47,69,339,342,3,22,47,339,3,22,0.121654501216545,50,411,cult_other,17,xpert_in_whopos
all,Thit,4,8,196,215,19,4,4,196,19,4,0.103139013452915,23,223,cult_other,4,xpert_in_whopos
all,Yoon,131,223,1102,1112,10,92,131,1102,10,92,0.10561797752809,141,1335,cult_other,17,xpert_in_whopos
art,Affolabi,13,14,320,325,5,1,13,320,5,1,0.0530973451327434,18,339,cult_other,4,xpert_in_whopos
art,Gersh,0,0,46,46,0,0,0,46,0,0,0,0,46,cult_other,0,xpert_in_whopos
art,LaCourse,1,1,23,23,0,0,1,23,0,0,0.0416666666666667,1,24,cult_other,4,xpert_in_whopos
art,Thit,4,7,135,148,13,3,4,135,13,3,0.109677419354839,17,155,cult_other,5,xpert_in_whopos
noart,Affolabi,42,45,363,376,13,3,42,363,13,3,0.130641330166271,55,421,cult_other,11,xpert_in_whopos
noart,Balcha,80,114,517,528,11,34,80,517,11,34,0.141744548286604,91,642,cult,18,xpert_in_whopos
noart,Bjerrum,17,19,104,107,3,2,17,104,3,2,0.158730158730159,20,126,cult_other,15,xpert_in_whopos
noart,Kemper,8,11,47,49,2,3,8,47,2,3,0.166666666666667,10,60,cult_other,18,xpert_in_whopos
noart,Kerkhoff,62,83,362,368,6,21,62,362,6,21,0.150776053215078,68,451,cult_other,18,xpert_in_whopos
noart,LaCourse,1,2,30,30,0,1,1,30,0,1,0.03125,1,32,cult_other,6,xpert_in_whopos
noart,Modi,40,51,307,312,5,11,40,307,5,11,0.12396694214876,45,363,cult_other,14,xpert_in_whopos
noart,Reeve,47,69,339,342,3,22,47,339,3,22,0.121654501216545,50,411,cult_other,17,xpert_in_whopos
noart,Thit,0,1,61,67,6,1,0,61,6,1,0.0882352941176471,6,68,cult_other,1,xpert_in_whopos
noart,Yoon,131,223,1102,1112,10,92,131,1102,10,92,0.10561797752809,141,1335,cult_other,17,xpert_in_whopos
cd4_less_200,Affolabi,35,38,276,287,11,3,35,276,11,3,0.141538461538462,46,325,cult_other,12,xpert_in_whopos
cd4_less_200,Al Darraji,3,4,21,21,0,1,3,21,0,1,0.12,3,25,cult_other,16,xpert_in_whopos
cd4_less_200,Balcha,59,75,239,244,5,16,59,239,5,16,0.200626959247649,64,319,cult,24,xpert_in_whopos
cd4_less_200,Bjerrum,13,14,70,72,2,1,13,70,2,1,0.174418604651163,15,86,cult_other,16,xpert_in_whopos
cd4_less_200,Gersh,0,0,4,4,0,0,0,4,0,0,0,0,4,cult_other,0,xpert_in_whopos
cd4_less_200,Kemper,7,9,37,38,1,2,7,37,1,2,0.170212765957447,8,47,cult_other,19,xpert_in_whopos
cd4_less_200,Kerkhoff,48,58,226,230,4,10,48,226,4,10,0.180555555555556,52,288,cult_other,20,xpert_in_whopos
cd4_less_200,LaCourse,0,0,1,1,0,0,0,1,0,0,0,0,1,cult_other,0,xpert_in_whopos
cd4_less_200,Modi,24,31,113,117,4,7,24,113,4,7,0.189189189189189,28,148,cult_other,21,xpert_in_whopos
cd4_less_200,Reeve,26,36,97,99,2,10,26,97,2,10,0.207407407407407,28,135,cult_other,27,xpert_in_whopos
cd4_less_200,Thit,3,5,82,95,13,2,3,82,13,2,0.16,16,100,cult_other,5,xpert_in_whopos
cd4_less_200,Yoon,107,185,645,652,7,78,107,645,7,78,0.136200716845878,114,837,cult_other,22,xpert_in_whopos
cd4_high_200,Affolabi,17,18,375,381,6,1,17,375,6,1,0.0576441102756892,23,399,cult_other,5,xpert_in_whopos
cd4_high_200,Al Darraji,3,7,53,53,0,4,3,53,0,4,0.05,3,60,cult_other,12,xpert_in_whopos
cd4_high_200,Balcha,21,39,275,281,6,18,21,275,6,18,0.084375,27,320,cult,12,xpert_in_whopos
cd4_high_200,Bjerrum,4,5,33,34,1,1,4,33,1,1,0.128205128205128,5,39,cult_other,13,xpert_in_whopos
cd4_high_200,Gersh,0,0,29,29,0,0,0,29,0,0,0,0,29,cult_other,0,xpert_in_whopos
cd4_high_200,Kemper,1,2,10,11,1,1,1,10,1,1,0.153846153846154,2,13,cult_other,15,xpert_in_whopos
cd4_high_200,Kerkhoff,13,24,135,137,2,11,13,135,2,11,0.093167701863354,15,161,cult_other,15,xpert_in_whopos
cd4_high_200,LaCourse,2,3,45,45,0,1,2,45,0,1,0.0416666666666667,2,48,cult_other,6,xpert_in_whopos
cd4_high_200,Modi,12,15,178,179,1,3,12,178,1,3,0.0670103092783505,13,194,cult_other,8,xpert_in_whopos
cd4_high_200,Reeve,14,24,213,214,1,10,14,213,1,10,0.0630252100840336,15,238,cult_other,10,xpert_in_whopos
cd4_high_200,Thit,1,2,114,120,6,1,1,114,6,1,0.0573770491803279,7,122,cult_other,2,xpert_in_whopos
cd4_high_200,Yoon,24,38,457,460,3,14,24,457,3,14,0.0542168674698795,27,498,cult_other,8,xpert_in_whopos
pregnant,Bjerrum,0,0,4,4,0,0,0,4,0,0,0,0,4,cult_other,0,xpert_in_whopos
pregnant,Kerkhoff,0,0,9,9,0,0,0,9,0,0,0,0,9,cult_other,0,xpert_in_whopos
pregnant,LaCourse,2,3,53,53,0,1,2,53,0,1,0.0357142857142857,2,56,cult_other,5,xpert_in_whopos
pregnant,Modi,2,2,31,31,0,0,2,31,0,0,0.0606060606060606,2,33,cult_other,6,xpert_in_whopos
pregnant,Yoon,1,2,33,33,0,1,1,33,0,1,0.0285714285714286,1,35,cult_other,6,xpert_in_whopos
